# Text,Tint,Qhvac,Qsun - step=1800s
0.000000000000000000e+00 2.270000076293945312e+01 2.534000000000000000e+03 2.774369825719209643e+02
0.000000000000000000e+00 2.270000076293945312e+01 1.174000000000000000e+03 4.407848026641900105e+02
0.000000000000000000e+00 2.260000038146972656e+01 2.941000000000000000e+03 6.583859756158111622e+02
0.000000000000000000e+00 2.260000038146972656e+01 1.806000000000000000e+03 9.245411138389973758e+02
1.000000000000000000e+00 2.270000076293945312e+01 3.670000000000000000e+03 1.220572511101093369e+03
1.000000000000000000e+00 2.270000076293945312e+01 4.289000000000000000e+03 1.514930256793932813e+03
1.000000000000000000e+00 2.270000076293945312e+01 3.150000000000000000e+03 1.767719663786366937e+03
1.000000000000000000e+00 2.260000038146972656e+01 3.200000000000000000e+03 1.939214478385412121e+03
1.000000000000000000e+00 2.250000000000000000e+01 4.297000000000000000e+03 2.000000000000000000e+03
1.000000000000000000e+00 2.260000038146972656e+01 2.947000000000000000e+03 1.939214478385412121e+03
1.000000000000000000e+00 2.250000000000000000e+01 2.922000000000000000e+03 1.767719663786366937e+03
1.000000000000000000e+00 2.250000000000000000e+01 3.198000000000000000e+03 1.514930256793932813e+03
1.000000000000000000e+00 2.210000038146972656e+01 2.929000000000000000e+03 1.220572511101093369e+03
1.000000000000000000e+00 2.179999923706054688e+01 1.814000000000000000e+03 9.245411138389973758e+02
1.000000000000000000e+00 2.170000076293945312e+01 1.100000000000000000e+01 6.583859756158111622e+02
2.000000000000000000e+00 2.189999961853027344e+01 3.697000000000000000e+03 4.407848026641900105e+02
2.000000000000000000e+00 2.239999961853027344e+01 1.165000000000000000e+03 2.774369825719209643e+02
1.000000000000000000e+00 2.229999923706054688e+01 1.100000000000000000e+01 1.641699972477975962e+02
1.000000000000000000e+00 2.210000038146972656e+01 1.384000000000000000e+03 9.133030922126044970e+01
1.000000000000000000e+00 2.210000038146972656e+01 1.166000000000000000e+03 4.826195130144234069e-01
1.000000000000000000e+00 2.220000076293945312e+01 5.770000000000000000e+02 7.286334155247811140e-01
0.000000000000000000e+00 2.160000038146972656e+01 1.000000000000000000e+01 1.120838025206746247e-01
0.000000000000000000e+00 2.170000076293945312e+01 1.100000000000000000e+01 8.485385818198490915e-01
0.000000000000000000e+00 2.160000038146972656e+01 1.100000000000000000e+01 7.519941989650372749e-01
0.000000000000000000e+00 2.139999961853027344e+01 1.100000000000000000e+01 9.060374630846435018e-01
0.000000000000000000e+00 2.129999923706054688e+01 1.396000000000000000e+03 6.363131303798382765e-01
0.000000000000000000e+00 2.129999923706054688e+01 1.164000000000000000e+03 7.405152646305049879e-01
0.000000000000000000e+00 2.120000076293945312e+01 1.400000000000000000e+01 3.450338698453503383e-02
0.000000000000000000e+00 2.110000038146972656e+01 1.100000000000000000e+01 6.720544589676452629e-01
0.000000000000000000e+00 2.100000000000000000e+01 2.371000000000000000e+03 6.748187243850087835e-01
0.000000000000000000e+00 2.100000000000000000e+01 2.864000000000000000e+03 8.174440737459327533e-01
0.000000000000000000e+00 2.100000000000000000e+01 1.796000000000000000e+03 2.359953628724068553e-01
0.000000000000000000e+00 2.100000000000000000e+01 3.167000000000000000e+03 0.000000000000000000e+00
0.000000000000000000e+00 2.100000000000000000e+01 2.955000000000000000e+03 1.244908220067715288e-01
0.000000000000000000e+00 2.089999961853027344e+01 1.770000000000000000e+03 6.455865621086908090e-01
0.000000000000000000e+00 2.089999961853027344e+01 3.146000000000000000e+03 6.979811695643542979e-01
0.000000000000000000e+00 2.089999961853027344e+01 5.475000000000000000e+03 4.448206077277694348e-03
0.000000000000000000e+00 2.089999961853027344e+01 1.734000000000000000e+03 2.129262747162682379e-01
-1.000000000000000000e+00 2.089999961853027344e+01 1.783000000000000000e+03 7.631677367108468113e-01
-1.000000000000000000e+00 2.079999923706054688e+01 3.144000000000000000e+03 8.550440731167285868e-03
-1.000000000000000000e+00 2.079999923706054688e+01 2.929000000000000000e+03 9.123303604873761463e-01
-1.000000000000000000e+00 2.089999961853027344e+01 1.794000000000000000e+03 3.235656450963372288e-01
-2.000000000000000000e+00 2.100000000000000000e+01 1.300000000000000000e+01 4.331836819032043318e-01
-2.000000000000000000e+00 2.100000000000000000e+01 3.663000000000000000e+03 6.890267972682969644e-01
-2.000000000000000000e+00 2.150000000000000000e+01 1.143000000000000000e+03 6.518045850030991240e-01
-2.000000000000000000e+00 2.139999961853027344e+01 1.766000000000000000e+03 9.036008937869476343e-01
-2.000000000000000000e+00 2.129999923706054688e+01 1.377000000000000000e+03 7.854391553657166236e-01
-2.000000000000000000e+00 2.150000000000000000e+01 3.635000000000000000e+03 6.029823123517767947e-01
-2.000000000000000000e+00 2.150000000000000000e+01 1.100000000000000000e+01 1.623784239146245367e-01
-2.000000000000000000e+00 2.150000000000000000e+01 1.354000000000000000e+03 2.774369825719209643e+02
-2.000000000000000000e+00 2.150000000000000000e+01 3.617000000000000000e+03 4.407848026641900105e+02
-1.000000000000000000e+00 2.150000000000000000e+01 1.149000000000000000e+03 6.583859756158111622e+02
-1.000000000000000000e+00 2.150000000000000000e+01 1.400000000000000000e+01 9.245411138389973758e+02
-2.000000000000000000e+00 2.150000000000000000e+01 2.281000000000000000e+03 1.220572511101093369e+03
0.000000000000000000e+00 2.150000000000000000e+01 2.319000000000000000e+03 1.514930256793932813e+03
0.000000000000000000e+00 2.160000038146972656e+01 1.200000000000000000e+01 1.767719663786366937e+03
0.000000000000000000e+00 2.200000000000000000e+01 1.359000000000000000e+03 1.939214478385412121e+03
0.000000000000000000e+00 2.229999923706054688e+01 2.972000000000000000e+03 2.000000000000000000e+03
0.000000000000000000e+00 2.220000076293945312e+01 1.141000000000000000e+03 1.939214478385412121e+03
1.000000000000000000e+00 2.150000000000000000e+01 4.246000000000000000e+03 1.767719663786366937e+03
0.000000000000000000e+00 2.150000000000000000e+01 4.151000000000000000e+03 1.514930256793932813e+03
0.000000000000000000e+00 2.179999923706054688e+01 1.200000000000000000e+01 1.220572511101093369e+03
0.000000000000000000e+00 2.179999923706054688e+01 1.793000000000000000e+03 9.245411138389973758e+02
1.000000000000000000e+00 2.150000000000000000e+01 3.184000000000000000e+03 6.583859756158111622e+02
1.000000000000000000e+00 2.150000000000000000e+01 1.168000000000000000e+03 4.407848026641900105e+02
1.000000000000000000e+00 2.160000038146972656e+01 1.777000000000000000e+03 2.774369825719209643e+02
0.000000000000000000e+00 2.170000076293945312e+01 3.152000000000000000e+03 1.641699972477975962e+02
0.000000000000000000e+00 2.189999961853027344e+01 4.246000000000000000e+03 9.133030922126044970e+01
0.000000000000000000e+00 2.210000038146972656e+01 1.782000000000000000e+03 9.834906397145680712e-01
0.000000000000000000e+00 2.189999961853027344e+01 1.409000000000000000e+03 8.499657024298549191e-01
0.000000000000000000e+00 2.179999923706054688e+01 1.780000000000000000e+03 1.464582023508068653e-01
0.000000000000000000e+00 2.160000038146972656e+01 1.801000000000000000e+03 3.173794290431066756e-01
0.000000000000000000e+00 2.150000000000000000e+01 3.212000000000000000e+03 2.476619179725690900e-01
0.000000000000000000e+00 2.150000000000000000e+01 1.798000000000000000e+03 8.564921221788991401e-01
0.000000000000000000e+00 2.150000000000000000e+01 1.799000000000000000e+03 2.182040875394470891e-01
0.000000000000000000e+00 2.139999961853027344e+01 1.810000000000000000e+03 5.556114287536937368e-01
0.000000000000000000e+00 2.139999961853027344e+01 1.818000000000000000e+03 6.555138819763600688e-01
0.000000000000000000e+00 2.139999961853027344e+01 1.772000000000000000e+03 4.611853403822572250e-01
0.000000000000000000e+00 2.139999961853027344e+01 1.809000000000000000e+03 9.211816993059329661e-01
0.000000000000000000e+00 2.139999961853027344e+01 3.169000000000000000e+03 1.092027407068952849e-01
0.000000000000000000e+00 2.139999961853027344e+01 2.926000000000000000e+03 2.889330545656244587e-01
0.000000000000000000e+00 2.139999961853027344e+01 1.200000000000000000e+01 0.000000000000000000e+00
1.000000000000000000e+00 2.139999961853027344e+01 3.059000000000000000e+03 2.925165594641592204e-01
1.000000000000000000e+00 2.139999961853027344e+01 1.741000000000000000e+03 2.419385060633238993e-01
1.000000000000000000e+00 2.139999961853027344e+01 1.739000000000000000e+03 5.118115569690758759e-01
1.000000000000000000e+00 2.139999961853027344e+01 1.000000000000000000e+01 4.580908942253121285e-01
1.000000000000000000e+00 2.129999923706054688e+01 1.413000000000000000e+03 8.928852597071081920e-01
1.000000000000000000e+00 2.139999961853027344e+01 1.180000000000000000e+03 3.986888556139738249e-01
1.000000000000000000e+00 2.150000000000000000e+01 1.300000000000000000e+01 1.760497222248361693e-01
1.000000000000000000e+00 2.160000038146972656e+01 2.593000000000000000e+03 2.644261672373102723e-01
1.000000000000000000e+00 2.160000038146972656e+01 1.400000000000000000e+01 9.756441389606426151e-01
1.000000000000000000e+00 2.129999923706054688e+01 1.100000000000000000e+01 4.926235363083141250e-01
2.000000000000000000e+00 2.160000038146972656e+01 1.399000000000000000e+03 8.922440162985422196e-01
2.000000000000000000e+00 2.129999923706054688e+01 2.549000000000000000e+03 2.893724540449813531e-01
2.000000000000000000e+00 2.100000000000000000e+01 1.100000000000000000e+01 8.409770015591735426e-01
2.000000000000000000e+00 2.179999923706054688e+01 2.988000000000000000e+03 2.107108568756539402e-01
2.000000000000000000e+00 2.170000076293945312e+01 1.369000000000000000e+03 2.860497654459054351e-01
2.000000000000000000e+00 2.129999923706054688e+01 1.366000000000000000e+03 9.221318482706462039e-01
2.000000000000000000e+00 2.079999923706054688e+01 1.300000000000000000e+01 2.774369825719209643e+02
3.000000000000000000e+00 2.139999961853027344e+01 1.380000000000000000e+03 4.407848026641900105e+02
3.000000000000000000e+00 2.129999923706054688e+01 1.371000000000000000e+03 6.583859756158111622e+02
4.000000000000000000e+00 2.089999961853027344e+01 9.000000000000000000e+00 9.245411138389973758e+02
4.000000000000000000e+00 2.029999923706054688e+01 7.000000000000000000e+00 1.220572511101093369e+03
4.000000000000000000e+00 2.000000000000000000e+01 9.000000000000000000e+00 1.514930256793932813e+03
4.000000000000000000e+00 1.979999923706054688e+01 8.000000000000000000e+00 1.767719663786366937e+03
5.000000000000000000e+00 1.950000000000000000e+01 8.000000000000000000e+00 1.939214478385412121e+03
5.000000000000000000e+00 1.929999923706054688e+01 7.000000000000000000e+00 2.000000000000000000e+03
6.000000000000000000e+00 1.839999961853027344e+01 7.000000000000000000e+00 1.939214478385412121e+03
6.000000000000000000e+00 1.750000000000000000e+01 8.000000000000000000e+00 1.767719663786366937e+03
6.000000000000000000e+00 1.750000000000000000e+01 9.000000000000000000e+00 1.514930256793932813e+03
6.000000000000000000e+00 1.739999961853027344e+01 6.000000000000000000e+00 1.220572511101093369e+03
6.000000000000000000e+00 1.739999961853027344e+01 9.000000000000000000e+00 9.245411138389973758e+02
6.000000000000000000e+00 1.720000076293945312e+01 1.000000000000000000e+01 6.583859756158111622e+02
6.000000000000000000e+00 1.739999961853027344e+01 9.000000000000000000e+00 4.407848026641900105e+02
5.000000000000000000e+00 1.750000000000000000e+01 9.000000000000000000e+00 2.774369825719209643e+02
5.000000000000000000e+00 1.750000000000000000e+01 1.000000000000000000e+01 1.641699972477975962e+02
5.000000000000000000e+00 1.750000000000000000e+01 6.000000000000000000e+00 9.133030922126044970e+01
5.000000000000000000e+00 1.750000000000000000e+01 7.000000000000000000e+00 5.069883813413351703e-01
5.000000000000000000e+00 1.750000000000000000e+01 8.000000000000000000e+00 2.070583188622354687e-01
5.000000000000000000e+00 1.739999961853027344e+01 7.000000000000000000e+00 1.577963029506801451e-02
6.000000000000000000e+00 1.739999961853027344e+01 8.000000000000000000e+00 4.358003861481404284e-01
5.000000000000000000e+00 1.729999923706054688e+01 6.000000000000000000e+00 5.481348059092432390e-01
6.000000000000000000e+00 1.729999923706054688e+01 6.000000000000000000e+00 3.287724756537960813e-01
5.000000000000000000e+00 1.720000076293945312e+01 8.000000000000000000e+00 6.941442385260333525e-01
5.000000000000000000e+00 1.720000076293945312e+01 1.000000000000000000e+01 1.347383694660299058e-01
5.000000000000000000e+00 1.720000076293945312e+01 9.000000000000000000e+00 1.738170748500222906e-01
5.000000000000000000e+00 1.710000038146972656e+01 9.000000000000000000e+00 5.291527892525377252e-01
5.000000000000000000e+00 1.710000038146972656e+01 8.000000000000000000e+00 9.334740583381723189e-01
5.000000000000000000e+00 1.700000000000000000e+01 8.000000000000000000e+00 6.776621201018205864e-01
6.000000000000000000e+00 1.700000000000000000e+01 7.000000000000000000e+00 3.430079748717840271e-02
6.000000000000000000e+00 1.689999961853027344e+01 7.000000000000000000e+00 0.000000000000000000e+00
6.000000000000000000e+00 1.689999961853027344e+01 8.000000000000000000e+00 5.728960940253619016e-01
6.000000000000000000e+00 1.689999961853027344e+01 6.000000000000000000e+00 2.724850844694300944e-01
6.000000000000000000e+00 1.679999923706054688e+01 1.000000000000000000e+01 4.638523206024696144e-01
6.000000000000000000e+00 1.679999923706054688e+01 9.000000000000000000e+00 3.377534873038618990e-01
6.000000000000000000e+00 1.670000076293945312e+01 8.000000000000000000e+00 7.592579726509012250e-01
6.000000000000000000e+00 1.670000076293945312e+01 8.000000000000000000e+00 4.846076453960370678e-01
6.000000000000000000e+00 1.670000076293945312e+01 6.000000000000000000e+00 4.963429704277740884e-01
6.000000000000000000e+00 1.670000076293945312e+01 8.000000000000000000e+00 2.579648657724874505e-01
6.000000000000000000e+00 1.670000076293945312e+01 9.000000000000000000e+00 7.498478457071029446e-01
7.000000000000000000e+00 1.660000038146972656e+01 7.000000000000000000e+00 2.796500278191614841e-01
7.000000000000000000e+00 1.660000038146972656e+01 8.000000000000000000e+00 3.621619695214717272e-02
7.000000000000000000e+00 1.660000038146972656e+01 9.000000000000000000e+00 3.544635084364808897e-01
7.000000000000000000e+00 1.650000000000000000e+01 7.000000000000000000e+00 5.774313108188705579e-01
8.000000000000000000e+00 1.450000000000000000e+01 1.161000000000000000e+03 6.692046223082110945e-01
8.000000000000000000e+00 1.450000000000000000e+01 1.161000000000000000e+03 7.665440648727425144e-01
8.000000000000000000e+00 1.450000000000000000e+01 1.161000000000000000e+03 4.039940512936788242e-01
8.000000000000000000e+00 1.450000000000000000e+01 1.161000000000000000e+03 2.774369825719209643e+02
8.000000000000000000e+00 1.450000000000000000e+01 1.161000000000000000e+03 4.407848026641900105e+02
8.000000000000000000e+00 1.450000000000000000e+01 1.161000000000000000e+03 6.583859756158111622e+02
8.000000000000000000e+00 1.450000000000000000e+01 1.161000000000000000e+03 9.245411138389973758e+02
8.000000000000000000e+00 1.450000000000000000e+01 1.161000000000000000e+03 1.220572511101093369e+03
8.000000000000000000e+00 1.450000000000000000e+01 1.161000000000000000e+03 1.514930256793932813e+03
8.000000000000000000e+00 1.450000000000000000e+01 1.161000000000000000e+03 1.767719663786366937e+03
8.000000000000000000e+00 1.450000000000000000e+01 1.161000000000000000e+03 1.939214478385412121e+03
8.000000000000000000e+00 1.450000000000000000e+01 1.161000000000000000e+03 2.000000000000000000e+03
8.000000000000000000e+00 1.450000000000000000e+01 1.161000000000000000e+03 1.939214478385412121e+03
8.000000000000000000e+00 1.450000000000000000e+01 1.161000000000000000e+03 1.767719663786366937e+03
8.000000000000000000e+00 1.450000000000000000e+01 1.161000000000000000e+03 1.514930256793932813e+03
8.000000000000000000e+00 1.450000000000000000e+01 1.161000000000000000e+03 1.220572511101093369e+03
8.000000000000000000e+00 1.450000000000000000e+01 1.161000000000000000e+03 9.245411138389973758e+02
8.000000000000000000e+00 1.450000000000000000e+01 1.161000000000000000e+03 6.583859756158111622e+02
8.000000000000000000e+00 1.450000000000000000e+01 1.161000000000000000e+03 4.407848026641900105e+02
8.000000000000000000e+00 1.450000000000000000e+01 1.161000000000000000e+03 2.774369825719209643e+02
8.000000000000000000e+00 1.450000000000000000e+01 1.161000000000000000e+03 1.641699972477975962e+02
8.000000000000000000e+00 1.450000000000000000e+01 1.161000000000000000e+03 9.133030922126044970e+01
8.000000000000000000e+00 1.450000000000000000e+01 1.161000000000000000e+03 4.538613819946494266e-01
8.000000000000000000e+00 1.450000000000000000e+01 1.161000000000000000e+03 9.415333180530257584e-01
8.000000000000000000e+00 1.450000000000000000e+01 1.161000000000000000e+03 3.227384053226586280e-01
8.000000000000000000e+00 1.450000000000000000e+01 1.161000000000000000e+03 7.479835130821289590e-01
8.000000000000000000e+00 1.450000000000000000e+01 1.161000000000000000e+03 8.473514175705610940e-01
8.000000000000000000e+00 1.450000000000000000e+01 1.161000000000000000e+03 6.432777380515252164e-01
8.000000000000000000e+00 1.450000000000000000e+01 1.161000000000000000e+03 3.139935077610775949e-01
8.000000000000000000e+00 1.450000000000000000e+01 1.161000000000000000e+03 6.857257011509920730e-02
8.000000000000000000e+00 1.450000000000000000e+01 1.161000000000000000e+03 1.055935508270356982e-01
8.000000000000000000e+00 1.450000000000000000e+01 1.161000000000000000e+03 1.463892513395770312e-02
8.000000000000000000e+00 1.450000000000000000e+01 1.161000000000000000e+03 6.769288115892775348e-01
8.000000000000000000e+00 1.450000000000000000e+01 1.161000000000000000e+03 5.242040317807167282e-01
8.000000000000000000e+00 1.450000000000000000e+01 1.161000000000000000e+03 1.441620742165490299e-01
8.000000000000000000e+00 1.450000000000000000e+01 1.161000000000000000e+03 0.000000000000000000e+00
8.000000000000000000e+00 1.450000000000000000e+01 1.161000000000000000e+03 9.398892510696940095e-01
8.000000000000000000e+00 1.450000000000000000e+01 1.161000000000000000e+03 8.479582576741860889e-01
8.000000000000000000e+00 1.450000000000000000e+01 1.161000000000000000e+03 5.711888708837298267e-02
8.000000000000000000e+00 1.450000000000000000e+01 1.161000000000000000e+03 5.154396367668800938e-02
8.000000000000000000e+00 1.450000000000000000e+01 1.161000000000000000e+03 2.689057805207111240e-01
8.000000000000000000e+00 1.450000000000000000e+01 1.161000000000000000e+03 8.783901331742186569e-01
8.000000000000000000e+00 1.450000000000000000e+01 1.161000000000000000e+03 5.236785837985498127e-01
8.000000000000000000e+00 1.450000000000000000e+01 1.161000000000000000e+03 3.855662278653997355e-01
8.000000000000000000e+00 1.450000000000000000e+01 1.161000000000000000e+03 3.634989081697739266e-01
8.000000000000000000e+00 1.450000000000000000e+01 1.161000000000000000e+03 6.889246177884651434e-01
8.000000000000000000e+00 1.450000000000000000e+01 1.161000000000000000e+03 2.974717895869267714e-01
8.000000000000000000e+00 1.450000000000000000e+01 1.161000000000000000e+03 7.527106558286964511e-01
8.000000000000000000e+00 1.450000000000000000e+01 8.000000000000000000e+00 6.002457545698482999e-01
8.000000000000000000e+00 1.460000038146972656e+01 8.000000000000000000e+00 9.710217167804469085e-01
7.000000000000000000e+00 1.439999961853027344e+01 6.000000000000000000e+00 4.559965543813029321e-01
7.000000000000000000e+00 1.419999980926513672e+01 6.000000000000000000e+00 2.754126331818270712e-01
7.000000000000000000e+00 1.369999980926513672e+01 8.000000000000000000e+00 2.774369825719209643e+02
8.000000000000000000e+00 1.339999961853027344e+01 7.000000000000000000e+00 4.407848026641900105e+02
7.000000000000000000e+00 1.389999961853027344e+01 9.000000000000000000e+00 6.583859756158111622e+02
7.000000000000000000e+00 1.380000019073486328e+01 1.000000000000000000e+01 9.245411138389973758e+02
7.000000000000000000e+00 1.369999980926513672e+01 8.000000000000000000e+00 1.220572511101093369e+03
7.000000000000000000e+00 1.369999980926513672e+01 7.000000000000000000e+00 1.514930256793932813e+03
8.000000000000000000e+00 1.369999980926513672e+01 9.000000000000000000e+00 1.767719663786366937e+03
7.000000000000000000e+00 1.369999980926513672e+01 7.000000000000000000e+00 1.939214478385412121e+03
8.000000000000000000e+00 1.369999980926513672e+01 8.000000000000000000e+00 2.000000000000000000e+03
8.000000000000000000e+00 1.369999980926513672e+01 7.000000000000000000e+00 1.939214478385412121e+03
8.000000000000000000e+00 1.369999980926513672e+01 9.000000000000000000e+00 1.767719663786366937e+03
8.000000000000000000e+00 1.369999980926513672e+01 8.000000000000000000e+00 1.514930256793932813e+03
8.000000000000000000e+00 1.360000038146972656e+01 8.000000000000000000e+00 1.220572511101093369e+03
8.000000000000000000e+00 1.360000038146972656e+01 8.000000000000000000e+00 9.245411138389973758e+02
7.000000000000000000e+00 1.350000000000000000e+01 7.000000000000000000e+00 6.583859756158111622e+02
7.000000000000000000e+00 1.350000000000000000e+01 7.000000000000000000e+00 4.407848026641900105e+02
7.000000000000000000e+00 1.339999961853027344e+01 7.000000000000000000e+00 2.774369825719209643e+02
6.000000000000000000e+00 1.339999961853027344e+01 1.000000000000000000e+01 1.641699972477975962e+02
6.000000000000000000e+00 1.330000019073486328e+01 8.000000000000000000e+00 9.133030922126044970e+01
6.000000000000000000e+00 1.319999980926513672e+01 7.000000000000000000e+00 9.312256987490654669e-01
6.000000000000000000e+00 1.319999980926513672e+01 5.000000000000000000e+00 3.888898558105139402e-01
6.000000000000000000e+00 1.310000038146972656e+01 7.000000000000000000e+00 2.229091131119932401e-01
6.000000000000000000e+00 1.310000038146972656e+01 8.000000000000000000e+00 6.165168496947369681e-01
5.000000000000000000e+00 1.300000000000000000e+01 7.000000000000000000e+00 5.551921108780680791e-01
5.000000000000000000e+00 1.300000000000000000e+01 8.000000000000000000e+00 1.642146808782266598e-01
4.000000000000000000e+00 1.289999961853027344e+01 8.000000000000000000e+00 5.166267415782861416e-01
4.000000000000000000e+00 1.289999961853027344e+01 8.000000000000000000e+00 7.344130717513409623e-01
4.000000000000000000e+00 1.280000019073486328e+01 8.000000000000000000e+00 4.155504548515354113e-02
4.000000000000000000e+00 1.280000019073486328e+01 6.000000000000000000e+00 7.185100404865206736e-01
4.000000000000000000e+00 1.269999980926513672e+01 9.000000000000000000e+00 4.366049037729952120e-01
3.000000000000000000e+00 1.269999980926513672e+01 8.000000000000000000e+00 5.989088095193330075e-01
3.000000000000000000e+00 1.260000038146972656e+01 9.000000000000000000e+00 9.557168159194902035e-01
3.000000000000000000e+00 1.250000000000000000e+01 7.000000000000000000e+00 0.000000000000000000e+00
3.000000000000000000e+00 1.250000000000000000e+01 8.000000000000000000e+00 1.750135956647000945e-01
3.000000000000000000e+00 1.230000019073486328e+01 1.100000000000000000e+01 8.408949084599511847e-01
3.000000000000000000e+00 1.219999980926513672e+01 7.000000000000000000e+00 9.596616004406522960e-01
2.000000000000000000e+00 1.219999980926513672e+01 8.000000000000000000e+00 4.728539927118604602e-01
2.000000000000000000e+00 1.210000038146972656e+01 1.000000000000000000e+01 1.480186164936672100e-01
2.000000000000000000e+00 1.210000038146972656e+01 8.000000000000000000e+00 4.929502465174462333e-01
2.000000000000000000e+00 1.200000000000000000e+01 7.000000000000000000e+00 5.118831735794650006e-01
2.000000000000000000e+00 1.200000000000000000e+01 9.000000000000000000e+00 4.534691144382999584e-01
1.000000000000000000e+00 1.189999961853027344e+01 7.000000000000000000e+00 4.105515240473694982e-01
1.000000000000000000e+00 1.180000019073486328e+01 7.000000000000000000e+00 5.585177191224810489e-01
0.000000000000000000e+00 1.169999980926513672e+01 1.000000000000000000e+01 6.605607982195874639e-01
0.000000000000000000e+00 1.160000038146972656e+01 8.000000000000000000e+00 5.600525124012040168e-01
1.000000000000000000e+00 1.150000000000000000e+01 8.000000000000000000e+00 7.677034193990202038e-01
1.000000000000000000e+00 1.160000038146972656e+01 9.000000000000000000e+00 4.743600982983838810e-01
3.000000000000000000e+00 1.160000038146972656e+01 9.000000000000000000e+00 6.809085655518843927e-01
4.000000000000000000e+00 1.160000038146972656e+01 8.000000000000000000e+00 3.465645078541970125e-01
5.000000000000000000e+00 1.160000038146972656e+01 9.000000000000000000e+00 2.774369825719209643e+02
6.000000000000000000e+00 1.169999980926513672e+01 8.000000000000000000e+00 4.407848026641900105e+02
7.000000000000000000e+00 1.180000019073486328e+01 9.000000000000000000e+00 6.583859756158111622e+02
7.000000000000000000e+00 1.180000019073486328e+01 8.000000000000000000e+00 9.245411138389973758e+02
7.000000000000000000e+00 1.189999961853027344e+01 7.000000000000000000e+00 1.220572511101093369e+03
7.000000000000000000e+00 1.189999961853027344e+01 7.000000000000000000e+00 1.514930256793932813e+03
7.000000000000000000e+00 1.200000000000000000e+01 9.000000000000000000e+00 1.767719663786366937e+03
7.000000000000000000e+00 1.200000000000000000e+01 8.000000000000000000e+00 1.939214478385412121e+03
7.000000000000000000e+00 1.200000000000000000e+01 7.000000000000000000e+00 2.000000000000000000e+03
7.000000000000000000e+00 1.210000038146972656e+01 9.000000000000000000e+00 1.939214478385412121e+03
7.000000000000000000e+00 1.210000038146972656e+01 7.000000000000000000e+00 1.767719663786366937e+03
7.000000000000000000e+00 1.210000038146972656e+01 9.000000000000000000e+00 1.514930256793932813e+03
6.000000000000000000e+00 1.210000038146972656e+01 6.000000000000000000e+00 1.220572511101093369e+03
5.000000000000000000e+00 1.200000000000000000e+01 1.000000000000000000e+01 9.245411138389973758e+02
4.000000000000000000e+00 1.180000019073486328e+01 9.000000000000000000e+00 6.583859756158111622e+02
4.000000000000000000e+00 1.169999980926513672e+01 7.000000000000000000e+00 4.407848026641900105e+02
4.000000000000000000e+00 1.150000000000000000e+01 6.000000000000000000e+00 2.774369825719209643e+02
4.000000000000000000e+00 1.130000019073486328e+01 9.000000000000000000e+00 1.641699972477975962e+02
2.000000000000000000e+00 1.110000038146972656e+01 1.200000000000000000e+01 9.133030922126044970e+01
1.000000000000000000e+00 1.100000000000000000e+01 8.000000000000000000e+00 2.990146531973522093e-01
1.000000000000000000e+00 1.080000019073486328e+01 8.000000000000000000e+00 7.545496616282476587e-01
0.000000000000000000e+00 1.060000038146972656e+01 9.000000000000000000e+00 6.251400817378671704e-01
0.000000000000000000e+00 1.050000000000000000e+01 7.000000000000000000e+00 9.877761094659567309e-01
0.000000000000000000e+00 1.030000019073486328e+01 8.000000000000000000e+00 8.337031458632653269e-01
0.000000000000000000e+00 1.019999980926513672e+01 1.000000000000000000e+01 9.338395403246302351e-01
0.000000000000000000e+00 1.000000000000000000e+01 8.000000000000000000e+00 2.941730008319205503e-01
-1.000000000000000000e+00 9.899999618530273438e+00 8.000000000000000000e+00 4.632878258388423154e-01
-1.000000000000000000e+00 9.699999809265136719e+00 9.000000000000000000e+00 3.036926345088384327e-01
-1.000000000000000000e+00 9.600000381469726562e+00 1.000000000000000000e+01 5.623585075702537406e-01
-1.000000000000000000e+00 9.600000381469726562e+00 8.000000000000000000e+00 4.323062248342161018e-01
-1.000000000000000000e+00 9.600000381469726562e+00 9.000000000000000000e+00 8.789888104988154982e-01
-1.000000000000000000e+00 9.600000381469726562e+00 1.100000000000000000e+01 1.954790476473100558e-02
-2.000000000000000000e+00 9.600000381469726562e+00 9.000000000000000000e+00 0.000000000000000000e+00
-1.000000000000000000e+00 9.600000381469726562e+00 9.000000000000000000e+00 1.606953391227435857e-01
-1.000000000000000000e+00 9.600000381469726562e+00 1.100000000000000000e+01 1.448326761691415276e-01
-1.000000000000000000e+00 9.600000381469726562e+00 8.000000000000000000e+00 5.223608002897605074e-01
-1.000000000000000000e+00 9.600000381469726562e+00 1.000000000000000000e+01 1.269371665129293003e-02
-1.000000000000000000e+00 9.600000381469726562e+00 1.100000000000000000e+01 5.933477282551391507e-02
-1.000000000000000000e+00 9.600000381469726562e+00 1.100000000000000000e+01 5.757553912963272458e-01
-1.000000000000000000e+00 9.500000000000000000e+00 1.000000000000000000e+01 4.036361935596355366e-01
-1.000000000000000000e+00 9.500000000000000000e+00 1.000000000000000000e+01 5.346092057717544144e-01
-1.000000000000000000e+00 9.500000000000000000e+00 9.000000000000000000e+00 4.072910023480197372e-01
-1.000000000000000000e+00 9.500000000000000000e+00 1.000000000000000000e+01 2.617756887306472713e-01
-1.000000000000000000e+00 9.399999618530273438e+00 1.000000000000000000e+01 5.038962651363745326e-01
-1.000000000000000000e+00 9.500000000000000000e+00 9.000000000000000000e+00 8.535063232788699938e-01
0.000000000000000000e+00 9.600000381469726562e+00 7.000000000000000000e+00 1.456546429565002132e-01
1.000000000000000000e+00 9.600000381469726562e+00 7.000000000000000000e+00 5.185085662846969923e-01
2.000000000000000000e+00 9.600000381469726562e+00 8.000000000000000000e+00 5.995145884398667135e-02
3.000000000000000000e+00 9.899999618530273438e+00 1.100000000000000000e+01 4.084619967400757723e-01
3.000000000000000000e+00 1.000000000000000000e+01 1.000000000000000000e+01 2.774369825719209643e+02
4.000000000000000000e+00 1.010000038146972656e+01 1.100000000000000000e+01 4.407848026641900105e+02
5.000000000000000000e+00 1.019999980926513672e+01 9.000000000000000000e+00 6.583859756158111622e+02
6.000000000000000000e+00 1.030000019073486328e+01 1.100000000000000000e+01 9.245411138389973758e+02
8.000000000000000000e+00 1.039999961853027344e+01 1.000000000000000000e+01 1.220572511101093369e+03
1.000000000000000000e+01 1.050000000000000000e+01 1.100000000000000000e+01 1.514930256793932813e+03
1.000000000000000000e+01 1.060000038146972656e+01 7.000000000000000000e+00 1.767719663786366937e+03
1.100000000000000000e+01 1.069999980926513672e+01 9.000000000000000000e+00 1.939214478385412121e+03
1.000000000000000000e+01 1.080000019073486328e+01 8.000000000000000000e+00 2.000000000000000000e+03
9.000000000000000000e+00 1.080000019073486328e+01 9.000000000000000000e+00 1.939214478385412121e+03
9.000000000000000000e+00 1.080000019073486328e+01 8.000000000000000000e+00 1.767719663786366937e+03
9.000000000000000000e+00 1.089999961853027344e+01 1.000000000000000000e+01 1.514930256793932813e+03
7.000000000000000000e+00 1.089999961853027344e+01 9.000000000000000000e+00 1.220572511101093369e+03
6.000000000000000000e+00 1.089999961853027344e+01 8.000000000000000000e+00 9.245411138389973758e+02
6.000000000000000000e+00 1.089999961853027344e+01 8.000000000000000000e+00 6.583859756158111622e+02
6.000000000000000000e+00 1.089999961853027344e+01 1.100000000000000000e+01 4.407848026641900105e+02
6.000000000000000000e+00 1.089999961853027344e+01 1.000000000000000000e+01 2.774369825719209643e+02
5.000000000000000000e+00 1.089999961853027344e+01 1.000000000000000000e+01 1.641699972477975962e+02
6.000000000000000000e+00 1.089999961853027344e+01 8.000000000000000000e+00 9.133030922126044970e+01
6.000000000000000000e+00 1.089999961853027344e+01 8.000000000000000000e+00 9.934028779009660415e-01
6.000000000000000000e+00 1.089999961853027344e+01 1.000000000000000000e+01 3.867008683865397201e-01
7.000000000000000000e+00 1.089999961853027344e+01 1.000000000000000000e+01 9.440361268760014690e-01
6.000000000000000000e+00 1.089999961853027344e+01 7.000000000000000000e+00 7.092068365460449941e-01
5.000000000000000000e+00 1.089999961853027344e+01 6.000000000000000000e+00 3.036384961929750048e-01
6.000000000000000000e+00 1.089999961853027344e+01 7.000000000000000000e+00 4.511152591053551042e-01
5.000000000000000000e+00 1.089999961853027344e+01 6.000000000000000000e+00 2.562666495053959048e-01
7.000000000000000000e+00 1.089999961853027344e+01 8.000000000000000000e+00 1.850242779069940502e-01
7.000000000000000000e+00 1.089999961853027344e+01 8.000000000000000000e+00 4.958875959105626396e-01
7.000000000000000000e+00 1.089999961853027344e+01 1.000000000000000000e+01 5.558482747690636216e-01
7.000000000000000000e+00 1.100000000000000000e+01 7.000000000000000000e+00 2.921871910629922908e-01
7.000000000000000000e+00 1.100000000000000000e+01 8.000000000000000000e+00 5.000024627992103454e-01
7.000000000000000000e+00 1.100000000000000000e+01 8.000000000000000000e+00 9.069112278335338395e-01
7.000000000000000000e+00 1.089999961853027344e+01 9.000000000000000000e+00 0.000000000000000000e+00
7.000000000000000000e+00 1.089999961853027344e+01 8.000000000000000000e+00 9.080391707353224762e-01
7.000000000000000000e+00 1.089999961853027344e+01 6.000000000000000000e+00 5.608936839210310055e-01
7.000000000000000000e+00 1.100000000000000000e+01 7.000000000000000000e+00 8.469537260333005468e-01
7.000000000000000000e+00 1.100000000000000000e+01 9.000000000000000000e+00 7.571819216191988389e-01
8.000000000000000000e+00 1.100000000000000000e+01 8.000000000000000000e+00 6.832565209065779577e-01
7.000000000000000000e+00 1.100000000000000000e+01 1.000000000000000000e+01 3.130168228586048818e-01
7.000000000000000000e+00 1.100000000000000000e+01 7.000000000000000000e+00 7.225374288105210763e-01
7.000000000000000000e+00 1.100000000000000000e+01 9.000000000000000000e+00 8.255558249634852297e-01
6.000000000000000000e+00 1.100000000000000000e+01 1.000000000000000000e+01 1.917287468829506070e-01
7.000000000000000000e+00 1.100000000000000000e+01 7.000000000000000000e+00 1.576491470339355105e-01
7.000000000000000000e+00 1.100000000000000000e+01 9.000000000000000000e+00 3.486208179551999464e-01
7.000000000000000000e+00 1.100000000000000000e+01 7.000000000000000000e+00 2.503018208691607516e-01
7.000000000000000000e+00 1.100000000000000000e+01 1.000000000000000000e+01 8.439300474198772051e-01
6.000000000000000000e+00 1.100000000000000000e+01 1.100000000000000000e+01 5.464111009554828424e-02
8.000000000000000000e+00 1.100000000000000000e+01 8.000000000000000000e+00 9.257296418681505434e-01
8.000000000000000000e+00 1.100000000000000000e+01 1.100000000000000000e+01 7.360066853195723624e-02
8.000000000000000000e+00 1.100000000000000000e+01 8.000000000000000000e+00 2.774369825719209643e+02
8.000000000000000000e+00 1.110000038146972656e+01 8.000000000000000000e+00 4.407848026641900105e+02
9.000000000000000000e+00 1.110000038146972656e+01 1.100000000000000000e+01 6.583859756158111622e+02
9.000000000000000000e+00 1.110000038146972656e+01 1.000000000000000000e+01 9.245411138389973758e+02
8.000000000000000000e+00 1.119999980926513672e+01 8.000000000000000000e+00 1.220572511101093369e+03
8.000000000000000000e+00 1.119999980926513672e+01 7.000000000000000000e+00 1.514930256793932813e+03
8.000000000000000000e+00 1.130000019073486328e+01 8.000000000000000000e+00 1.767719663786366937e+03
8.000000000000000000e+00 1.130000019073486328e+01 9.000000000000000000e+00 1.939214478385412121e+03
8.000000000000000000e+00 1.130000019073486328e+01 8.000000000000000000e+00 2.000000000000000000e+03
7.000000000000000000e+00 1.130000019073486328e+01 9.000000000000000000e+00 1.939214478385412121e+03
7.000000000000000000e+00 1.130000019073486328e+01 7.000000000000000000e+00 1.767719663786366937e+03
7.000000000000000000e+00 1.119999980926513672e+01 8.000000000000000000e+00 1.514930256793932813e+03
5.000000000000000000e+00 1.119999980926513672e+01 8.000000000000000000e+00 1.220572511101093369e+03
4.000000000000000000e+00 1.119999980926513672e+01 1.000000000000000000e+01 9.245411138389973758e+02
3.000000000000000000e+00 1.110000038146972656e+01 1.000000000000000000e+01 6.583859756158111622e+02
3.000000000000000000e+00 1.100000000000000000e+01 1.000000000000000000e+01 4.407848026641900105e+02
2.000000000000000000e+00 1.100000000000000000e+01 8.000000000000000000e+00 2.774369825719209643e+02
0.000000000000000000e+00 1.100000000000000000e+01 8.000000000000000000e+00 1.641699972477975962e+02
1.000000000000000000e+00 1.089999961853027344e+01 1.000000000000000000e+01 9.133030922126044970e+01
1.000000000000000000e+00 1.089999961853027344e+01 8.000000000000000000e+00 7.689964428954152442e-01
3.000000000000000000e+00 1.089999961853027344e+01 9.000000000000000000e+00 5.854386331591024950e-01
3.000000000000000000e+00 1.089999961853027344e+01 1.000000000000000000e+01 4.109171969252788381e-01
3.000000000000000000e+00 1.089999961853027344e+01 8.000000000000000000e+00 1.685471602303896255e-01
4.000000000000000000e+00 1.089999961853027344e+01 1.000000000000000000e+01 7.710535884300259157e-01
3.000000000000000000e+00 1.089999961853027344e+01 7.000000000000000000e+00 2.296506371076931785e-01
2.000000000000000000e+00 1.089999961853027344e+01 9.000000000000000000e+00 1.851726253702379310e-01
2.000000000000000000e+00 1.080000019073486328e+01 1.000000000000000000e+01 1.769396212425297099e-01
2.000000000000000000e+00 1.080000019073486328e+01 1.000000000000000000e+01 8.708112683580830904e-01
2.000000000000000000e+00 1.080000019073486328e+01 1.000000000000000000e+01 2.520384043531338492e-01
2.000000000000000000e+00 1.080000019073486328e+01 1.000000000000000000e+01 6.057289666197712696e-01
2.000000000000000000e+00 1.080000019073486328e+01 1.000000000000000000e+01 3.466019904805850427e-01
1.000000000000000000e+00 1.080000019073486328e+01 9.000000000000000000e+00 7.119210745387462014e-01
1.000000000000000000e+00 1.069999980926513672e+01 9.000000000000000000e+00 0.000000000000000000e+00
1.000000000000000000e+00 1.069999980926513672e+01 9.000000000000000000e+00 9.354681093077794607e-01
0.000000000000000000e+00 1.069999980926513672e+01 8.000000000000000000e+00 3.368024550901744796e-01
0.000000000000000000e+00 1.069999980926513672e+01 6.000000000000000000e+00 3.920768688907013688e-01
0.000000000000000000e+00 1.069999980926513672e+01 8.000000000000000000e+00 8.272327803431221982e-01
0.000000000000000000e+00 1.060000038146972656e+01 7.000000000000000000e+00 3.075516725846998423e-01
0.000000000000000000e+00 1.060000038146972656e+01 8.000000000000000000e+00 4.376506805437495595e-01
0.000000000000000000e+00 1.060000038146972656e+01 1.100000000000000000e+01 3.454483642539909471e-01
0.000000000000000000e+00 1.060000038146972656e+01 8.000000000000000000e+00 8.292785036058419879e-01
0.000000000000000000e+00 1.050000000000000000e+01 9.000000000000000000e+00 8.699785819174504775e-01
0.000000000000000000e+00 1.050000000000000000e+01 9.000000000000000000e+00 6.948172700562766924e-01
0.000000000000000000e+00 1.050000000000000000e+01 1.000000000000000000e+01 6.598215948619300386e-01
0.000000000000000000e+00 1.050000000000000000e+01 1.200000000000000000e+01 1.959813457573650330e-01
0.000000000000000000e+00 1.050000000000000000e+01 1.000000000000000000e+01 8.539876022269384803e-01
1.000000000000000000e+00 1.050000000000000000e+01 9.000000000000000000e+00 1.530431728104446609e-01
2.000000000000000000e+00 1.050000000000000000e+01 7.000000000000000000e+00 6.909945544330460265e-01
2.000000000000000000e+00 1.050000000000000000e+01 9.000000000000000000e+00 6.680485886399655238e-01
2.000000000000000000e+00 1.050000000000000000e+01 1.000000000000000000e+01 2.774369825719209643e+02
3.000000000000000000e+00 1.050000000000000000e+01 1.000000000000000000e+01 4.407848026641900105e+02
3.000000000000000000e+00 1.050000000000000000e+01 1.000000000000000000e+01 6.583859756158111622e+02
3.000000000000000000e+00 1.050000000000000000e+01 1.100000000000000000e+01 9.245411138389973758e+02
3.000000000000000000e+00 1.050000000000000000e+01 1.000000000000000000e+01 1.220572511101093369e+03
3.000000000000000000e+00 1.060000038146972656e+01 8.000000000000000000e+00 1.514930256793932813e+03
3.000000000000000000e+00 1.060000038146972656e+01 8.000000000000000000e+00 1.767719663786366937e+03
3.000000000000000000e+00 1.060000038146972656e+01 9.000000000000000000e+00 1.939214478385412121e+03
3.000000000000000000e+00 1.050000000000000000e+01 7.000000000000000000e+00 2.000000000000000000e+03
2.000000000000000000e+00 1.050000000000000000e+01 8.000000000000000000e+00 1.939214478385412121e+03
1.000000000000000000e+00 1.050000000000000000e+01 1.100000000000000000e+01 1.767719663786366937e+03
1.000000000000000000e+00 1.039999961853027344e+01 9.000000000000000000e+00 1.514930256793932813e+03
0.000000000000000000e+00 1.039999961853027344e+01 8.000000000000000000e+00 1.220572511101093369e+03
-1.000000000000000000e+00 1.030000019073486328e+01 9.000000000000000000e+00 9.245411138389973758e+02
-1.000000000000000000e+00 1.030000019073486328e+01 1.100000000000000000e+01 6.583859756158111622e+02
-1.000000000000000000e+00 1.019999980926513672e+01 9.000000000000000000e+00 4.407848026641900105e+02
-3.000000000000000000e+00 1.010000038146972656e+01 9.000000000000000000e+00 2.774369825719209643e+02
-3.000000000000000000e+00 1.010000038146972656e+01 9.000000000000000000e+00 1.641699972477975962e+02
-3.000000000000000000e+00 1.000000000000000000e+01 1.000000000000000000e+01 9.133030922126044970e+01
-4.000000000000000000e+00 9.899999618530273438e+00 9.000000000000000000e+00 7.178102680313458439e-02
-3.000000000000000000e+00 9.899999618530273438e+00 9.000000000000000000e+00 9.751708179429086076e-02
-4.000000000000000000e+00 9.800000190734863281e+00 9.000000000000000000e+00 8.435201557072846690e-01
-4.000000000000000000e+00 9.600000381469726562e+00 9.000000000000000000e+00 6.650202341108870652e-01
-4.000000000000000000e+00 9.600000381469726562e+00 8.000000000000000000e+00 9.434796251598676076e-02
-4.000000000000000000e+00 9.600000381469726562e+00 1.100000000000000000e+01 9.855508243438371174e-01
-5.000000000000000000e+00 9.600000381469726562e+00 9.000000000000000000e+00 1.323076494926467284e-01
-5.000000000000000000e+00 9.600000381469726562e+00 1.100000000000000000e+01 1.567679367411172198e-01
-5.000000000000000000e+00 9.600000381469726562e+00 1.200000000000000000e+01 7.839747028138113194e-01
-5.000000000000000000e+00 9.500000000000000000e+00 9.000000000000000000e+00 6.252137175437599836e-03
-5.000000000000000000e+00 9.500000000000000000e+00 1.100000000000000000e+01 5.997983654343448379e-01
-5.000000000000000000e+00 9.500000000000000000e+00 1.200000000000000000e+01 6.549337593710677918e-01
-4.000000000000000000e+00 9.399999618530273438e+00 1.000000000000000000e+01 5.024052551610264095e-01
-5.000000000000000000e+00 9.399999618530273438e+00 9.000000000000000000e+00 0.000000000000000000e+00
-5.000000000000000000e+00 9.399999618530273438e+00 1.000000000000000000e+01 7.194666844535834160e-01
-5.000000000000000000e+00 9.300000190734863281e+00 8.000000000000000000e+00 2.514713947507275504e-01
-5.000000000000000000e+00 9.300000190734863281e+00 1.100000000000000000e+01 4.227588333364081796e-01
-5.000000000000000000e+00 9.300000190734863281e+00 1.000000000000000000e+01 9.461579413320782006e-01
-5.000000000000000000e+00 9.199999809265136719e+00 1.100000000000000000e+01 9.144667357551180542e-01
-6.000000000000000000e+00 9.199999809265136719e+00 1.000000000000000000e+01 7.256189784705435741e-03
-5.000000000000000000e+00 9.100000381469726562e+00 1.000000000000000000e+01 3.879551264282466994e-01
-5.000000000000000000e+00 9.100000381469726562e+00 1.200000000000000000e+01 2.815368129116285756e-01
-4.000000000000000000e+00 9.100000381469726562e+00 1.000000000000000000e+01 9.178314169733621242e-01
-3.000000000000000000e+00 9.100000381469726562e+00 8.000000000000000000e+00 4.317269284978915156e-01
-2.000000000000000000e+00 9.100000381469726562e+00 1.000000000000000000e+01 6.809103865025117885e-01
-1.000000000000000000e+00 9.199999809265136719e+00 1.100000000000000000e+01 6.158644359277446467e-01
0.000000000000000000e+00 9.199999809265136719e+00 1.200000000000000000e+01 7.253066712828701856e-01
0.000000000000000000e+00 9.300000190734863281e+00 1.200000000000000000e+01 4.277935266423700256e-01
1.000000000000000000e+00 9.399999618530273438e+00 8.000000000000000000e+00 6.555466850969371428e-02
2.000000000000000000e+00 9.399999618530273438e+00 8.000000000000000000e+00 7.046784351440226191e-01
3.000000000000000000e+00 9.500000000000000000e+00 9.000000000000000000e+00 2.774369825719209643e+02
3.000000000000000000e+00 9.500000000000000000e+00 9.000000000000000000e+00 4.407848026641900105e+02
6.000000000000000000e+00 9.500000000000000000e+00 8.000000000000000000e+00 6.583859756158111622e+02
6.000000000000000000e+00 9.600000381469726562e+00 9.000000000000000000e+00 9.245411138389973758e+02
7.000000000000000000e+00 9.600000381469726562e+00 9.000000000000000000e+00 1.220572511101093369e+03
6.000000000000000000e+00 9.600000381469726562e+00 9.000000000000000000e+00 1.514930256793932813e+03
6.000000000000000000e+00 9.600000381469726562e+00 9.000000000000000000e+00 1.767719663786366937e+03
5.000000000000000000e+00 9.600000381469726562e+00 1.100000000000000000e+01 1.939214478385412121e+03
5.000000000000000000e+00 9.600000381469726562e+00 8.000000000000000000e+00 2.000000000000000000e+03
5.000000000000000000e+00 9.600000381469726562e+00 1.000000000000000000e+01 1.939214478385412121e+03
4.000000000000000000e+00 9.600000381469726562e+00 1.000000000000000000e+01 1.767719663786366937e+03
3.000000000000000000e+00 9.600000381469726562e+00 9.000000000000000000e+00 1.514930256793932813e+03
2.000000000000000000e+00 9.600000381469726562e+00 8.000000000000000000e+00 1.220572511101093369e+03
2.000000000000000000e+00 9.600000381469726562e+00 1.100000000000000000e+01 9.245411138389973758e+02
1.000000000000000000e+00 9.600000381469726562e+00 9.000000000000000000e+00 6.583859756158111622e+02
1.000000000000000000e+00 9.500000000000000000e+00 1.100000000000000000e+01 4.407848026641900105e+02
1.000000000000000000e+00 9.500000000000000000e+00 8.000000000000000000e+00 2.774369825719209643e+02
2.000000000000000000e+00 9.500000000000000000e+00 1.000000000000000000e+01 1.641699972477975962e+02
1.000000000000000000e+00 9.500000000000000000e+00 9.000000000000000000e+00 9.133030922126044970e+01
1.000000000000000000e+00 9.500000000000000000e+00 8.000000000000000000e+00 7.539442060230594489e-01
1.000000000000000000e+00 9.500000000000000000e+00 1.000000000000000000e+01 9.677406147289231431e-01
0.000000000000000000e+00 9.500000000000000000e+00 1.200000000000000000e+01 1.374723432873071749e-01
1.000000000000000000e+00 9.399999618530273438e+00 8.000000000000000000e+00 8.270680876481371069e-01
0.000000000000000000e+00 9.399999618530273438e+00 1.100000000000000000e+01 9.094504284612908718e-01
0.000000000000000000e+00 9.399999618530273438e+00 9.000000000000000000e+00 6.175081168312168689e-01
0.000000000000000000e+00 9.399999618530273438e+00 1.100000000000000000e+01 6.375456697980004250e-01
0.000000000000000000e+00 9.399999618530273438e+00 9.000000000000000000e+00 5.441197649888328547e-01
0.000000000000000000e+00 9.399999618530273438e+00 1.000000000000000000e+01 3.405998397786658138e-03
0.000000000000000000e+00 9.399999618530273438e+00 1.200000000000000000e+01 2.425160031863657917e-01
0.000000000000000000e+00 9.399999618530273438e+00 8.000000000000000000e+00 4.510235036015087795e-01
0.000000000000000000e+00 9.300000190734863281e+00 9.000000000000000000e+00 4.630093562797127360e-01
0.000000000000000000e+00 9.399999618530273438e+00 1.100000000000000000e+01 7.886073946568652460e-01
0.000000000000000000e+00 9.399999618530273438e+00 8.000000000000000000e+00 0.000000000000000000e+00
0.000000000000000000e+00 9.399999618530273438e+00 1.000000000000000000e+01 4.885180204369616863e-01
0.000000000000000000e+00 9.300000190734863281e+00 7.000000000000000000e+00 8.680999499403111441e-01
0.000000000000000000e+00 9.300000190734863281e+00 1.100000000000000000e+01 8.943122581705897911e-02
0.000000000000000000e+00 9.300000190734863281e+00 1.000000000000000000e+01 2.056130754091268775e-01
0.000000000000000000e+00 9.300000190734863281e+00 1.000000000000000000e+01 5.483216795235913432e-01
0.000000000000000000e+00 9.300000190734863281e+00 1.000000000000000000e+01 2.576137787161559833e-01
0.000000000000000000e+00 9.300000190734863281e+00 8.000000000000000000e+00 5.006359835530234115e-01
0.000000000000000000e+00 9.300000190734863281e+00 1.100000000000000000e+01 4.704440731663450670e-02
1.000000000000000000e+00 9.300000190734863281e+00 1.000000000000000000e+01 5.700243157289125451e-01
1.000000000000000000e+00 9.300000190734863281e+00 9.000000000000000000e+00 5.540051740832693250e-01
2.000000000000000000e+00 9.300000190734863281e+00 1.100000000000000000e+01 4.249229115041611715e-01
3.000000000000000000e+00 9.300000190734863281e+00 8.000000000000000000e+00 3.902119305274786010e-01
3.000000000000000000e+00 9.399999618530273438e+00 1.200000000000000000e+01 4.463006469780892438e-01
3.000000000000000000e+00 9.399999618530273438e+00 9.000000000000000000e+00 8.224731525528572451e-01
4.000000000000000000e+00 9.399999618530273438e+00 8.000000000000000000e+00 2.012906817154939132e-01
5.000000000000000000e+00 9.399999618530273438e+00 9.000000000000000000e+00 2.074760514549370827e-01
5.000000000000000000e+00 9.500000000000000000e+00 9.000000000000000000e+00 2.774369825719209643e+02
5.000000000000000000e+00 9.500000000000000000e+00 9.000000000000000000e+00 4.407848026641900105e+02
6.000000000000000000e+00 9.500000000000000000e+00 1.000000000000000000e+01 6.583859756158111622e+02
6.000000000000000000e+00 9.500000000000000000e+00 9.000000000000000000e+00 9.245411138389973758e+02
6.000000000000000000e+00 9.500000000000000000e+00 9.000000000000000000e+00 1.220572511101093369e+03
6.000000000000000000e+00 9.500000000000000000e+00 1.100000000000000000e+01 1.514930256793932813e+03
6.000000000000000000e+00 9.500000000000000000e+00 7.000000000000000000e+00 1.767719663786366937e+03
5.000000000000000000e+00 9.500000000000000000e+00 9.000000000000000000e+00 1.939214478385412121e+03
5.000000000000000000e+00 9.500000000000000000e+00 9.000000000000000000e+00 2.000000000000000000e+03
4.000000000000000000e+00 9.500000000000000000e+00 8.000000000000000000e+00 1.939214478385412121e+03
4.000000000000000000e+00 9.500000000000000000e+00 1.000000000000000000e+01 1.767719663786366937e+03
4.000000000000000000e+00 9.500000000000000000e+00 9.000000000000000000e+00 1.514930256793932813e+03
4.000000000000000000e+00 9.500000000000000000e+00 9.000000000000000000e+00 1.220572511101093369e+03
4.000000000000000000e+00 9.500000000000000000e+00 8.000000000000000000e+00 9.245411138389973758e+02
4.000000000000000000e+00 9.500000000000000000e+00 1.000000000000000000e+01 6.583859756158111622e+02
4.000000000000000000e+00 9.500000000000000000e+00 1.000000000000000000e+01 4.407848026641900105e+02
3.000000000000000000e+00 9.500000000000000000e+00 9.000000000000000000e+00 2.774369825719209643e+02
3.000000000000000000e+00 9.500000000000000000e+00 8.000000000000000000e+00 1.641699972477975962e+02
3.000000000000000000e+00 9.500000000000000000e+00 1.000000000000000000e+01 9.133030922126044970e+01
3.000000000000000000e+00 9.399999618530273438e+00 1.100000000000000000e+01 2.626067133874715465e-01
3.000000000000000000e+00 9.399999618530273438e+00 9.000000000000000000e+00 6.733893283926889461e-01
3.000000000000000000e+00 9.399999618530273438e+00 9.000000000000000000e+00 2.364984499385269778e-03
3.000000000000000000e+00 9.399999618530273438e+00 1.100000000000000000e+01 3.498825083449713658e-01
3.000000000000000000e+00 9.399999618530273438e+00 1.000000000000000000e+01 5.690238172834445329e-01
3.000000000000000000e+00 9.399999618530273438e+00 1.000000000000000000e+01 2.953263854910364028e-01
3.000000000000000000e+00 9.399999618530273438e+00 1.000000000000000000e+01 9.568716412557843887e-01
3.000000000000000000e+00 9.399999618530273438e+00 1.000000000000000000e+01 4.747165557032889671e-01
3.000000000000000000e+00 9.399999618530273438e+00 1.200000000000000000e+01 8.769387530094842065e-01
3.000000000000000000e+00 9.399999618530273438e+00 1.000000000000000000e+01 4.757898397942743607e-01
3.000000000000000000e+00 9.399999618530273438e+00 8.000000000000000000e+00 9.317554743193935396e-01
3.000000000000000000e+00 9.399999618530273438e+00 8.000000000000000000e+00 3.352927841926678365e-01
3.000000000000000000e+00 9.300000190734863281e+00 8.000000000000000000e+00 1.965800338585501628e-01
3.000000000000000000e+00 9.300000190734863281e+00 1.000000000000000000e+01 0.000000000000000000e+00
2.000000000000000000e+00 9.300000190734863281e+00 9.000000000000000000e+00 3.399743697312884727e-02
2.000000000000000000e+00 9.300000190734863281e+00 1.000000000000000000e+01 9.642749793611301579e-01
2.000000000000000000e+00 9.300000190734863281e+00 7.000000000000000000e+00 8.867628373176728029e-02
2.000000000000000000e+00 9.300000190734863281e+00 9.000000000000000000e+00 5.788868741039925325e-01
3.000000000000000000e+00 9.300000190734863281e+00 8.000000000000000000e+00 8.155823697372115433e-01
2.000000000000000000e+00 9.300000190734863281e+00 8.000000000000000000e+00 2.550730742356204228e-01
2.000000000000000000e+00 9.300000190734863281e+00 1.000000000000000000e+01 8.271907856429646655e-01
2.000000000000000000e+00 9.300000190734863281e+00 9.000000000000000000e+00 5.482413145303636215e-01
2.000000000000000000e+00 9.300000190734863281e+00 1.000000000000000000e+01 7.407851478548237445e-01
2.000000000000000000e+00 9.300000190734863281e+00 1.000000000000000000e+01 6.176330366374687131e-01
2.000000000000000000e+00 9.199999809265136719e+00 8.000000000000000000e+00 1.574683048532415919e-01
2.000000000000000000e+00 9.199999809265136719e+00 9.000000000000000000e+00 8.107603506086935585e-01
2.000000000000000000e+00 9.199999809265136719e+00 1.000000000000000000e+01 8.068886373863116690e-01
2.000000000000000000e+00 9.199999809265136719e+00 9.000000000000000000e+00 8.313221938386179399e-01
3.000000000000000000e+00 9.199999809265136719e+00 7.000000000000000000e+00 2.513110660845405686e-01
2.000000000000000000e+00 9.199999809265136719e+00 7.000000000000000000e+00 4.597154025979690584e-01
2.000000000000000000e+00 9.199999809265136719e+00 8.000000000000000000e+00 2.774369825719209643e+02
2.000000000000000000e+00 9.199999809265136719e+00 9.000000000000000000e+00 4.407848026641900105e+02
2.000000000000000000e+00 9.199999809265136719e+00 1.100000000000000000e+01 6.583859756158111622e+02
1.000000000000000000e+00 9.199999809265136719e+00 9.000000000000000000e+00 9.245411138389973758e+02
0.000000000000000000e+00 9.199999809265136719e+00 8.000000000000000000e+00 1.220572511101093369e+03
0.000000000000000000e+00 9.100000381469726562e+00 7.000000000000000000e+00 1.514930256793932813e+03
0.000000000000000000e+00 9.100000381469726562e+00 9.000000000000000000e+00 1.767719663786366937e+03
0.000000000000000000e+00 9.100000381469726562e+00 8.000000000000000000e+00 1.939214478385412121e+03
0.000000000000000000e+00 9.100000381469726562e+00 9.000000000000000000e+00 2.000000000000000000e+03
0.000000000000000000e+00 9.000000000000000000e+00 8.000000000000000000e+00 1.939214478385412121e+03
0.000000000000000000e+00 9.000000000000000000e+00 9.000000000000000000e+00 1.767719663786366937e+03
0.000000000000000000e+00 9.000000000000000000e+00 1.200000000000000000e+01 1.514930256793932813e+03
0.000000000000000000e+00 9.000000000000000000e+00 8.000000000000000000e+00 1.220572511101093369e+03
0.000000000000000000e+00 9.000000000000000000e+00 1.000000000000000000e+01 9.245411138389973758e+02
0.000000000000000000e+00 8.899999618530273438e+00 1.100000000000000000e+01 6.583859756158111622e+02
-1.000000000000000000e+00 8.899999618530273438e+00 8.000000000000000000e+00 4.407848026641900105e+02
-1.000000000000000000e+00 8.899999618530273438e+00 8.000000000000000000e+00 2.774369825719209643e+02
-1.000000000000000000e+00 8.899999618530273438e+00 1.000000000000000000e+01 1.641699972477975962e+02
-2.000000000000000000e+00 8.899999618530273438e+00 9.000000000000000000e+00 9.133030922126044970e+01
-1.000000000000000000e+00 8.800000190734863281e+00 7.000000000000000000e+00 9.835930386979592210e-01
-1.000000000000000000e+00 8.800000190734863281e+00 7.000000000000000000e+00 8.309542726619425501e-01
-2.000000000000000000e+00 8.800000190734863281e+00 9.000000000000000000e+00 9.257670501686113829e-01
-2.000000000000000000e+00 8.800000190734863281e+00 1.000000000000000000e+01 1.787762536973612759e-01
-2.000000000000000000e+00 8.699999809265136719e+00 8.000000000000000000e+00 7.190151183312006866e-01
-2.000000000000000000e+00 8.699999809265136719e+00 9.000000000000000000e+00 6.532948808329729351e-01
-3.000000000000000000e+00 8.699999809265136719e+00 1.000000000000000000e+01 5.580526434574006878e-02
-3.000000000000000000e+00 8.600000381469726562e+00 1.100000000000000000e+01 1.670693971226164809e-01
-3.000000000000000000e+00 8.600000381469726562e+00 1.000000000000000000e+01 7.096834403965758264e-01
-3.000000000000000000e+00 8.500000000000000000e+00 1.100000000000000000e+01 7.994328304604181312e-01
-4.000000000000000000e+00 8.500000000000000000e+00 1.100000000000000000e+01 1.118084746265123330e-01
-3.000000000000000000e+00 8.500000000000000000e+00 1.000000000000000000e+01 4.978735562093783429e-02
-4.000000000000000000e+00 8.399999618530273438e+00 9.000000000000000000e+00 2.406512536302435334e-01
-4.000000000000000000e+00 8.399999618530273438e+00 1.000000000000000000e+01 0.000000000000000000e+00
-4.000000000000000000e+00 8.300000190734863281e+00 9.000000000000000000e+00 6.271467757820685662e-01
-4.000000000000000000e+00 8.300000190734863281e+00 1.000000000000000000e+01 6.603882876778872646e-01
-3.000000000000000000e+00 8.199999809265136719e+00 1.000000000000000000e+01 5.522757240078550733e-01
-3.000000000000000000e+00 8.199999809265136719e+00 1.000000000000000000e+01 1.244703429794401517e-01
-3.000000000000000000e+00 8.199999809265136719e+00 1.000000000000000000e+01 2.406462489987317710e-01
-3.000000000000000000e+00 8.100000381469726562e+00 1.200000000000000000e+01 6.724050197525822670e-01
-2.000000000000000000e+00 8.100000381469726562e+00 1.200000000000000000e+01 5.884917267636636806e-01
-2.000000000000000000e+00 8.199999809265136719e+00 1.000000000000000000e+01 3.126418161249873151e-01
-1.000000000000000000e+00 8.199999809265136719e+00 1.000000000000000000e+01 7.034018518710397627e-01
0.000000000000000000e+00 8.199999809265136719e+00 1.000000000000000000e+01 1.240411873760353112e-01
0.000000000000000000e+00 8.199999809265136719e+00 9.000000000000000000e+00 4.156721533576718253e-01
1.000000000000000000e+00 8.300000190734863281e+00 9.000000000000000000e+00 8.571216623170777593e-01
1.000000000000000000e+00 8.300000190734863281e+00 1.000000000000000000e+01 6.712598837251926298e-02
2.000000000000000000e+00 8.300000190734863281e+00 9.000000000000000000e+00 4.081331814373759803e-01
2.000000000000000000e+00 8.300000190734863281e+00 9.000000000000000000e+00 7.934373265421541532e-01
2.000000000000000000e+00 8.300000190734863281e+00 1.100000000000000000e+01 3.776775823199218785e-02
2.000000000000000000e+00 8.300000190734863281e+00 8.000000000000000000e+00 2.774369825719209643e+02
2.000000000000000000e+00 8.300000190734863281e+00 8.000000000000000000e+00 4.407848026641900105e+02
2.000000000000000000e+00 8.300000190734863281e+00 1.000000000000000000e+01 6.583859756158111622e+02
2.000000000000000000e+00 8.300000190734863281e+00 8.000000000000000000e+00 9.245411138389973758e+02
2.000000000000000000e+00 8.199999809265136719e+00 -4.000000000000000000e+00 1.220572511101093369e+03
2.000000000000000000e+00 8.300000190734863281e+00 -2.000000000000000000e+00 1.514930256793932813e+03
0.000000000000000000e+00 8.199999809265136719e+00 -4.000000000000000000e+00 1.767719663786366937e+03
0.000000000000000000e+00 8.199999809265136719e+00 -3.000000000000000000e+00 1.939214478385412121e+03
0.000000000000000000e+00 8.199999809265136719e+00 -3.000000000000000000e+00 2.000000000000000000e+03
0.000000000000000000e+00 8.199999809265136719e+00 -2.000000000000000000e+00 1.939214478385412121e+03
0.000000000000000000e+00 8.199999809265136719e+00 -3.000000000000000000e+00 1.767719663786366937e+03
0.000000000000000000e+00 8.199999809265136719e+00 -3.000000000000000000e+00 1.514930256793932813e+03
0.000000000000000000e+00 8.199999809265136719e+00 -3.000000000000000000e+00 1.220572511101093369e+03
0.000000000000000000e+00 8.199999809265136719e+00 -3.000000000000000000e+00 9.245411138389973758e+02
1.000000000000000000e+00 8.199999809265136719e+00 -3.000000000000000000e+00 6.583859756158111622e+02
1.000000000000000000e+00 8.100000381469726562e+00 -4.000000000000000000e+00 4.407848026641900105e+02
0.000000000000000000e+00 8.100000381469726562e+00 -2.000000000000000000e+00 2.774369825719209643e+02
0.000000000000000000e+00 8.100000381469726562e+00 -3.000000000000000000e+00 1.641699972477975962e+02
0.000000000000000000e+00 8.100000381469726562e+00 -3.000000000000000000e+00 9.133030922126044970e+01
1.000000000000000000e+00 8.100000381469726562e+00 -4.000000000000000000e+00 2.260663487667445848e-01
0.000000000000000000e+00 8.100000381469726562e+00 -4.000000000000000000e+00 9.059263326642367220e-01
0.000000000000000000e+00 8.100000381469726562e+00 -3.000000000000000000e+00 7.026981429928114142e-01
0.000000000000000000e+00 8.100000381469726562e+00 -1.000000000000000000e+00 8.349509512734137884e-01
0.000000000000000000e+00 8.000000000000000000e+00 -2.000000000000000000e+00 7.537552971667282886e-02
0.000000000000000000e+00 8.000000000000000000e+00 -1.000000000000000000e+00 1.158072536003519337e-01
0.000000000000000000e+00 8.000000000000000000e+00 -3.000000000000000000e+00 9.582952911430574483e-01
0.000000000000000000e+00 8.000000000000000000e+00 -3.000000000000000000e+00 7.222484281280661111e-01
0.000000000000000000e+00 8.000000000000000000e+00 -2.000000000000000000e+00 7.075874115893104888e-01
0.000000000000000000e+00 8.000000000000000000e+00 -2.000000000000000000e+00 6.607406433730856898e-01
0.000000000000000000e+00 8.000000000000000000e+00 -2.000000000000000000e+00 9.245447274329151588e-01
0.000000000000000000e+00 8.000000000000000000e+00 -1.000000000000000000e+00 9.288936296738070642e-01
0.000000000000000000e+00 8.000000000000000000e+00 -4.000000000000000000e+00 9.008838595444045305e-01
0.000000000000000000e+00 8.000000000000000000e+00 -3.000000000000000000e+00 0.000000000000000000e+00
0.000000000000000000e+00 8.000000000000000000e+00 -2.000000000000000000e+00 2.804851735893940656e-01
0.000000000000000000e+00 8.000000000000000000e+00 -1.000000000000000000e+00 8.421070758060766881e-01
0.000000000000000000e+00 7.900000095367431641e+00 -3.000000000000000000e+00 8.424900797649470530e-01
0.000000000000000000e+00 7.900000095367431641e+00 -2.000000000000000000e+00 2.890652752804326875e-01
0.000000000000000000e+00 7.900000095367431641e+00 -1.000000000000000000e+00 3.370895233738663288e-01
0.000000000000000000e+00 8.000000000000000000e+00 -3.000000000000000000e+00 1.888715571735337662e-01
1.000000000000000000e+00 8.000000000000000000e+00 -3.000000000000000000e+00 5.042453115609977221e-01
1.000000000000000000e+00 8.000000000000000000e+00 -3.000000000000000000e+00 7.584024182793578372e-01
1.000000000000000000e+00 8.100000381469726562e+00 -3.000000000000000000e+00 2.740118328096021738e-01
1.000000000000000000e+00 8.199999809265136719e+00 -3.000000000000000000e+00 4.259716969988961432e-01
1.000000000000000000e+00 8.199999809265136719e+00 -3.000000000000000000e+00 8.135783761041781581e-01
1.000000000000000000e+00 8.199999809265136719e+00 -3.000000000000000000e+00 8.760536220078888325e-01
1.000000000000000000e+00 8.600000381469726562e+00 -4.000000000000000000e+00 1.958370957869249862e-01
1.000000000000000000e+00 8.899999618530273438e+00 -2.000000000000000000e+00 4.520211886691409831e-01
1.000000000000000000e+00 9.100000381469726562e+00 -3.000000000000000000e+00 6.436356738155664114e-01
2.000000000000000000e+00 9.000000000000000000e+00 -2.000000000000000000e+00 9.706725912490951069e-01
1.000000000000000000e+00 9.000000000000000000e+00 -2.000000000000000000e+00 2.774369825719209643e+02
2.000000000000000000e+00 8.699999809265136719e+00 -2.000000000000000000e+00 4.407848026641900105e+02
1.000000000000000000e+00 8.600000381469726562e+00 -2.000000000000000000e+00 6.583859756158111622e+02
1.000000000000000000e+00 8.500000000000000000e+00 -3.000000000000000000e+00 9.245411138389973758e+02
2.000000000000000000e+00 8.399999618530273438e+00 -3.000000000000000000e+00 1.220572511101093369e+03
1.000000000000000000e+00 8.300000190734863281e+00 -4.000000000000000000e+00 1.514930256793932813e+03
1.000000000000000000e+00 8.199999809265136719e+00 -2.000000000000000000e+00 1.767719663786366937e+03
0.000000000000000000e+00 8.199999809265136719e+00 -2.000000000000000000e+00 1.939214478385412121e+03
0.000000000000000000e+00 8.100000381469726562e+00 -3.000000000000000000e+00 2.000000000000000000e+03
0.000000000000000000e+00 8.100000381469726562e+00 -3.000000000000000000e+00 1.939214478385412121e+03
0.000000000000000000e+00 8.000000000000000000e+00 -3.000000000000000000e+00 1.767719663786366937e+03
0.000000000000000000e+00 8.000000000000000000e+00 -3.000000000000000000e+00 1.514930256793932813e+03
0.000000000000000000e+00 8.000000000000000000e+00 -2.000000000000000000e+00 1.220572511101093369e+03
0.000000000000000000e+00 7.900000095367431641e+00 -3.000000000000000000e+00 9.245411138389973758e+02
0.000000000000000000e+00 7.900000095367431641e+00 -3.000000000000000000e+00 6.583859756158111622e+02
0.000000000000000000e+00 7.900000095367431641e+00 -2.000000000000000000e+00 4.407848026641900105e+02
0.000000000000000000e+00 7.800000190734863281e+00 -2.000000000000000000e+00 2.774369825719209643e+02
0.000000000000000000e+00 7.800000190734863281e+00 -3.000000000000000000e+00 1.641699972477975962e+02
0.000000000000000000e+00 7.800000190734863281e+00 -2.000000000000000000e+00 9.133030922126044970e+01
0.000000000000000000e+00 7.699999809265136719e+00 -2.000000000000000000e+00 1.710967070521923761e-01
0.000000000000000000e+00 7.699999809265136719e+00 -4.000000000000000000e+00 5.061461580776944746e-01
0.000000000000000000e+00 7.699999809265136719e+00 -2.000000000000000000e+00 4.146250465172530708e-01
0.000000000000000000e+00 7.699999809265136719e+00 -2.000000000000000000e+00 9.183563894979834830e-01
0.000000000000000000e+00 7.699999809265136719e+00 -3.000000000000000000e+00 3.135791989736469443e-02
0.000000000000000000e+00 7.699999809265136719e+00 -4.000000000000000000e+00 3.269125301555045882e-01
0.000000000000000000e+00 7.699999809265136719e+00 -1.000000000000000000e+00 8.042390400382438687e-01
0.000000000000000000e+00 7.599999904632568359e+00 -4.000000000000000000e+00 4.518738817482870207e-02
0.000000000000000000e+00 7.599999904632568359e+00 -2.000000000000000000e+00 9.732912751936336759e-01
0.000000000000000000e+00 7.599999904632568359e+00 -3.000000000000000000e+00 2.728043734242516782e-01
0.000000000000000000e+00 7.599999904632568359e+00 -3.000000000000000000e+00 3.062791137649818474e-01
0.000000000000000000e+00 7.599999904632568359e+00 -2.000000000000000000e+00 5.429959717255483653e-02
0.000000000000000000e+00 7.599999904632568359e+00 -3.000000000000000000e+00 7.758228383212435464e-01
0.000000000000000000e+00 7.599999904632568359e+00 -3.000000000000000000e+00 0.000000000000000000e+00
0.000000000000000000e+00 7.500000000000000000e+00 -3.000000000000000000e+00 2.943838247002655839e-01
0.000000000000000000e+00 7.500000000000000000e+00 -4.000000000000000000e+00 7.995412015097914660e-01
-1.000000000000000000e+00 7.500000000000000000e+00 -4.000000000000000000e+00 8.873890445005627736e-02
-1.000000000000000000e+00 7.500000000000000000e+00 -4.000000000000000000e+00 8.958345194808366996e-01
-1.000000000000000000e+00 7.500000000000000000e+00 -2.000000000000000000e+00 9.207425377177418380e-01
-1.000000000000000000e+00 7.599999904632568359e+00 -5.000000000000000000e+00 5.997175729149260004e-01
-1.000000000000000000e+00 7.599999904632568359e+00 -3.000000000000000000e+00 6.026651978929233877e-01
0.000000000000000000e+00 7.599999904632568359e+00 -4.000000000000000000e+00 2.938263702584875681e-03
0.000000000000000000e+00 7.699999809265136719e+00 -3.000000000000000000e+00 5.892471794498486126e-01
0.000000000000000000e+00 7.699999809265136719e+00 -3.000000000000000000e+00 3.445266979955076136e-01
0.000000000000000000e+00 7.699999809265136719e+00 -3.000000000000000000e+00 6.676126051498455505e-01
0.000000000000000000e+00 7.699999809265136719e+00 -4.000000000000000000e+00 2.727046945313374993e-01
0.000000000000000000e+00 7.699999809265136719e+00 -2.000000000000000000e+00 2.965530157259472777e-01
0.000000000000000000e+00 7.699999809265136719e+00 -5.000000000000000000e+00 3.504244044009096060e-01
0.000000000000000000e+00 7.500000000000000000e+00 -2.000000000000000000e+00 5.749485785959334017e-01
0.000000000000000000e+00 7.400000095367431641e+00 -3.000000000000000000e+00 4.209020884981292676e-01
0.000000000000000000e+00 7.500000000000000000e+00 -2.000000000000000000e+00 2.774369825719209643e+02
-1.000000000000000000e+00 7.500000000000000000e+00 -3.000000000000000000e+00 4.407848026641900105e+02
-1.000000000000000000e+00 7.199999809265136719e+00 -2.000000000000000000e+00 6.583859756158111622e+02
-1.000000000000000000e+00 7.000000000000000000e+00 -1.000000000000000000e+00 9.245411138389973758e+02
-1.000000000000000000e+00 6.900000095367431641e+00 -3.000000000000000000e+00 1.220572511101093369e+03
-1.000000000000000000e+00 6.800000190734863281e+00 -3.000000000000000000e+00 1.514930256793932813e+03
-1.000000000000000000e+00 7.099999904632568359e+00 -5.000000000000000000e+00 1.767719663786366937e+03
-1.000000000000000000e+00 8.600000381469726562e+00 -3.000000000000000000e+00 1.939214478385412121e+03
-1.000000000000000000e+00 9.000000000000000000e+00 -2.000000000000000000e+00 2.000000000000000000e+03
-1.000000000000000000e+00 1.060000038146972656e+01 -4.000000000000000000e+00 1.939214478385412121e+03
-1.000000000000000000e+00 1.080000019073486328e+01 -4.000000000000000000e+00 1.767719663786366937e+03
-1.000000000000000000e+00 1.100000000000000000e+01 9.000000000000000000e+00 1.514930256793932813e+03
-1.000000000000000000e+00 1.189999961853027344e+01 3.606000000000000000e+03 1.220572511101093369e+03
-1.000000000000000000e+00 1.219999980926513672e+01 2.479000000000000000e+03 9.245411138389973758e+02
-1.000000000000000000e+00 1.219999980926513672e+01 1.145000000000000000e+03 6.583859756158111622e+02
-1.000000000000000000e+00 1.119999980926513672e+01 3.689000000000000000e+03 4.407848026641900105e+02
-1.000000000000000000e+00 1.080000019073486328e+01 4.834000000000000000e+03 2.774369825719209643e+02
-1.000000000000000000e+00 1.039999961853027344e+01 2.512000000000000000e+03 1.641699972477975962e+02
-1.000000000000000000e+00 1.019999980926513672e+01 3.636000000000000000e+03 9.429916009262274690e-01
0.000000000000000000e+00 1.000000000000000000e+01 4.758000000000000000e+03 8.956836265982771605e-01
0.000000000000000000e+00 9.699999809265136719e+00 3.549000000000000000e+03 8.096463565324799605e-01
-1.000000000000000000e+00 9.600000381469726562e+00 2.493000000000000000e+03 1.563369586788841969e-01
-1.000000000000000000e+00 9.600000381469726562e+00 4.174000000000000000e+03 7.066444259985930065e-01
-1.000000000000000000e+00 9.600000381469726562e+00 3.564000000000000000e+03 1.579298641672590708e-01
-1.000000000000000000e+00 9.899999618530273438e+00 2.278000000000000000e+03 8.190413305268640087e-02
-1.000000000000000000e+00 1.039999961853027344e+01 4.205000000000000000e+03 8.072920105751708597e-01
-1.000000000000000000e+00 1.060000038146972656e+01 1.128000000000000000e+03 8.138505865955503182e-01
-1.000000000000000000e+00 1.080000019073486328e+01 2.250000000000000000e+03 3.890164564183802298e-01
-1.000000000000000000e+00 1.100000000000000000e+01 2.473000000000000000e+03 3.187490604073038858e-01
-1.000000000000000000e+00 1.110000038146972656e+01 5.630000000000000000e+02 9.575443437933315316e-01
-1.000000000000000000e+00 1.119999980926513672e+01 1.698000000000000000e+03 9.236561529829246942e-01
-1.000000000000000000e+00 1.130000019073486328e+01 3.575000000000000000e+03 5.699897596747880435e-01
-1.000000000000000000e+00 1.139999961853027344e+01 2.466000000000000000e+03 6.807877539079290052e-01
-1.000000000000000000e+00 1.160000038146972656e+01 2.235000000000000000e+03 7.422994063826419131e-01
