# Text,Tint synthetic,Qhvac,Qsun - step=1800s
0.000000000000000000e+00 2.270000076293945312e+01 2.534000000000000000e+03 2.774369825719209643e+02
0.000000000000000000e+00 2.271169880477629732e+01 1.174000000000000000e+03 4.407848026641900105e+02
0.000000000000000000e+00 2.246085421976819418e+01 2.941000000000000000e+03 6.583859756158111622e+02
0.000000000000000000e+00 2.255900028236230881e+01 1.806000000000000000e+03 9.245411138389973758e+02
1.000000000000000000e+00 2.243473640369488464e+01 3.670000000000000000e+03 1.220572511101093369e+03
1.000000000000000000e+00 2.269274140500562709e+01 4.289000000000000000e+03 1.514930256793932813e+03
1.000000000000000000e+00 2.305978642324573613e+01 3.150000000000000000e+03 1.767719663786366937e+03
1.000000000000000000e+00 2.319370295748971955e+01 3.200000000000000000e+03 1.939214478385412121e+03
1.000000000000000000e+00 2.333218222776558903e+01 4.297000000000000000e+03 2.000000000000000000e+03
1.000000000000000000e+00 2.367643098117375899e+01 2.947000000000000000e+03 1.939214478385412121e+03
1.000000000000000000e+00 2.374793700297373178e+01 2.922000000000000000e+03 1.767719663786366937e+03
1.000000000000000000e+00 2.381193439525156208e+01 3.198000000000000000e+03 1.514930256793932813e+03
1.000000000000000000e+00 2.392650392006970250e+01 2.929000000000000000e+03 1.220572511101093369e+03
1.000000000000000000e+00 2.398478244490609157e+01 1.814000000000000000e+03 9.245411138389973758e+02
1.000000000000000000e+00 2.382612383036804715e+01 1.100000000000000000e+01 6.583859756158111622e+02
2.000000000000000000e+00 2.332644410485044162e+01 3.697000000000000000e+03 4.407848026641900105e+02
2.000000000000000000e+00 2.357363313974190788e+01 1.165000000000000000e+03 2.774369825719209643e+02
1.000000000000000000e+00 2.332389477030901404e+01 1.100000000000000000e+01 1.641699972477975962e+02
1.000000000000000000e+00 2.284201264104568097e+01 1.384000000000000000e+03 9.133030922126044970e+01
1.000000000000000000e+00 2.264207447430568010e+01 1.166000000000000000e+03 6.379815757233829876e-01
1.000000000000000000e+00 2.240723349770884454e+01 5.770000000000000000e+02 2.114981822712181936e-01
0.000000000000000000e+00 2.206747546221743761e+01 1.000000000000000000e+01 1.509304765468992837e-01
0.000000000000000000e+00 2.161178256085104010e+01 1.100000000000000000e+01 7.356919434162046967e-01
0.000000000000000000e+00 2.117306170405591814e+01 1.100000000000000000e+01 9.129753227154219219e-01
0.000000000000000000e+00 2.075045466749931222e+01 1.100000000000000000e+01 8.111871813154636346e-02
0.000000000000000000e+00 2.034332880201525029e+01 1.396000000000000000e+03 1.886265836168571353e-01
0.000000000000000000e+00 2.021743312959285888e+01 1.164000000000000000e+03 2.036821905389530896e-01
0.000000000000000000e+00 2.005098628160118679e+01 1.400000000000000000e+01 5.050334762794146393e-01
0.000000000000000000e+00 1.966899803855242368e+01 1.100000000000000000e+01 7.096568664766931267e-01
0.000000000000000000e+00 1.930032447713166377e+01 2.371000000000000000e+03 5.518155437682056297e-01
0.000000000000000000e+00 1.939888347453445405e+01 2.864000000000000000e+03 5.035709242909650607e-01
0.000000000000000000e+00 1.958767646079486369e+01 1.796000000000000000e+03 4.926261148373048959e-01
0.000000000000000000e+00 1.956304276173302981e+01 3.167000000000000000e+03 0.000000000000000000e+00
0.000000000000000000e+00 1.980224164290259026e+01 2.955000000000000000e+03 4.909321703447153684e-01
0.000000000000000000e+00 1.999071309115114303e+01 1.770000000000000000e+03 1.488438877390705350e-01
0.000000000000000000e+00 1.994329385027381818e+01 3.146000000000000000e+03 3.689969547695485241e-01
0.000000000000000000e+00 2.016156810175777281e+01 5.475000000000000000e+03 6.995002689580032129e-02
0.000000000000000000e+00 2.081861412260954225e+01 1.734000000000000000e+03 1.740455418535968857e-01
-1.000000000000000000e+00 2.073024789724777861e+01 1.783000000000000000e+03 3.768678426267658699e-01
-1.000000000000000000e+00 2.063471548300200809e+01 3.144000000000000000e+03 1.162579865146617930e-02
-1.000000000000000000e+00 2.080384031975122028e+01 2.929000000000000000e+03 5.498136088087809403e-01
-1.000000000000000000e+00 2.092437416244773374e+01 1.794000000000000000e+03 7.206515081414461843e-01
-2.000000000000000000e+00 2.082126188230524377e+01 1.300000000000000000e+01 7.285780859876866966e-01
-2.000000000000000000e+00 2.035959067579916137e+01 3.663000000000000000e+03 1.224575393677596047e-03
-2.000000000000000000e+00 2.061681785572354997e+01 1.143000000000000000e+03 3.927228969274325632e-01
-2.000000000000000000e+00 2.037874916521944968e+01 1.766000000000000000e+03 9.439706739905932009e-01
-2.000000000000000000e+00 2.026885665974531037e+01 1.377000000000000000e+03 3.506198505383072428e-01
-2.000000000000000000e+00 2.008759106955896456e+01 3.635000000000000000e+03 3.085918826235858337e-01
-2.000000000000000000e+00 2.034674904213114033e+01 1.100000000000000000e+01 2.793055471554241054e-01
-2.000000000000000000e+00 1.989822327345449082e+01 1.354000000000000000e+03 2.774369825719209643e+02
-2.000000000000000000e+00 1.972452735662842471e+01 3.617000000000000000e+03 4.407848026641900105e+02
-1.000000000000000000e+00 1.999208956577315988e+01 1.149000000000000000e+03 6.583859756158111622e+02
-1.000000000000000000e+00 1.979347801996146572e+01 1.400000000000000000e+01 9.245411138389973758e+02
-2.000000000000000000e+00 1.938382611526798627e+01 2.281000000000000000e+03 1.220572511101093369e+03
0.000000000000000000e+00 1.940632838050294851e+01 2.319000000000000000e+03 1.514930256793932813e+03
0.000000000000000000e+00 1.947359524439983502e+01 1.200000000000000000e+01 1.767719663786366937e+03
0.000000000000000000e+00 1.909456478844944272e+01 1.359000000000000000e+03 1.939214478385412121e+03
0.000000000000000000e+00 1.898915648486972430e+01 2.972000000000000000e+03 2.000000000000000000e+03
0.000000000000000000e+00 1.919803151613250947e+01 1.141000000000000000e+03 1.939214478385412121e+03
1.000000000000000000e+00 1.904676514183856284e+01 4.246000000000000000e+03 1.767719663786366937e+03
0.000000000000000000e+00 1.951766111333086684e+01 4.151000000000000000e+03 1.514930256793932813e+03
0.000000000000000000e+00 1.993282471929706290e+01 1.200000000000000000e+01 1.220572511101093369e+03
0.000000000000000000e+00 1.953581048338962134e+01 1.793000000000000000e+03 9.245411138389973758e+02
1.000000000000000000e+00 1.949620362141981289e+01 3.184000000000000000e+03 6.583859756158111622e+02
1.000000000000000000e+00 1.974443576713665394e+01 1.168000000000000000e+03 4.407848026641900105e+02
1.000000000000000000e+00 1.959492567954696085e+01 1.777000000000000000e+03 2.774369825719209643e+02
0.000000000000000000e+00 1.956771721320381019e+01 3.152000000000000000e+03 1.641699972477975962e+02
0.000000000000000000e+00 1.978611229766744373e+01 4.246000000000000000e+03 9.133030922126044970e+01
0.000000000000000000e+00 2.020584765673689986e+01 1.782000000000000000e+03 3.050815426895239213e-01
0.000000000000000000e+00 2.013491364472991307e+01 1.409000000000000000e+03 5.427886795435737932e-01
0.000000000000000000e+00 1.999429495671619250e+01 1.780000000000000000e+03 8.270839492386014014e-01
0.000000000000000000e+00 1.992974904956476934e+01 1.801000000000000000e+03 9.485052135313517541e-01
0.000000000000000000e+00 1.987104286863222313e+01 3.212000000000000000e+03 7.730233912892695569e-01
0.000000000000000000e+00 2.008527035506345371e+01 1.798000000000000000e+03 3.689930872022688657e-01
0.000000000000000000e+00 2.001866479400328558e+01 1.799000000000000000e+03 8.308262494280086452e-01
0.000000000000000000e+00 1.995414321745561992e+01 1.810000000000000000e+03 4.138863267016257286e-01
0.000000000000000000e+00 1.989354873772222376e+01 1.818000000000000000e+03 3.221555749667298629e-01
0.000000000000000000e+00 1.983615382457077914e+01 1.772000000000000000e+03 3.494497922323831496e-01
0.000000000000000000e+00 1.977145100130287858e+01 1.809000000000000000e+03 6.875642391643844720e-01
0.000000000000000000e+00 1.971568353936137896e+01 3.169000000000000000e+03 3.195821227284967314e-02
0.000000000000000000e+00 1.992294120018298997e+01 2.926000000000000000e+03 8.111005885037347873e-01
0.000000000000000000e+00 2.007484714233315160e+01 1.200000000000000000e+01 0.000000000000000000e+00
1.000000000000000000e+00 1.965986281150248161e+01 3.059000000000000000e+03 6.760852641271080099e-01
1.000000000000000000e+00 1.986541768648433504e+01 1.741000000000000000e+03 8.364144095951211444e-01
1.000000000000000000e+00 1.980899137478188621e+01 1.739000000000000000e+03 2.587934314428759208e-01
1.000000000000000000e+00 1.975373710597174082e+01 1.000000000000000000e+01 3.614432442072359475e-01
1.000000000000000000e+00 1.936748210397430370e+01 1.413000000000000000e+03 5.978134909416055187e-02
1.000000000000000000e+00 1.926526332075266978e+01 1.180000000000000000e+03 4.535246075793033516e-01
1.000000000000000000e+00 1.912153804644485078e+01 1.300000000000000000e+01 6.363712525591824765e-02
1.000000000000000000e+00 1.875827574573368040e+01 2.593000000000000000e+03 5.255097884346223713e-01
1.000000000000000000e+00 1.890450540937699486e+01 1.400000000000000000e+01 4.239486111469528140e-01
1.000000000000000000e+00 1.854850465522386571e+01 1.100000000000000000e+01 2.127260773451370435e-01
2.000000000000000000e+00 1.820496398018524431e+01 1.399000000000000000e+03 4.438020562416244985e-02
2.000000000000000000e+00 1.816017405856305800e+01 2.549000000000000000e+03 2.570413484103205581e-01
2.000000000000000000e+00 1.833765381214245593e+01 1.100000000000000000e+01 4.278073928432506445e-01
2.000000000000000000e+00 1.801961393764996444e+01 2.988000000000000000e+03 1.788624001661495155e-01
2.000000000000000000e+00 1.828570235984276593e+01 1.369000000000000000e+03 3.206082109181257467e-01
2.000000000000000000e+00 1.822960676369759980e+01 1.366000000000000000e+03 6.072779368021107294e-01
2.000000000000000000e+00 1.817448847648383037e+01 1.300000000000000000e+01 2.774369825719209643e+02
3.000000000000000000e+00 1.786079095987853904e+01 1.380000000000000000e+03 4.407848026641900105e+02
3.000000000000000000e+00 1.784086940143754418e+01 1.371000000000000000e+03 6.583859756158111622e+02
4.000000000000000000e+00 1.781966273134318612e+01 9.000000000000000000e+00 9.245411138389973758e+02
4.000000000000000000e+00 1.755639029792884287e+01 7.000000000000000000e+00 1.220572511101093369e+03
4.000000000000000000e+00 1.730277445756025045e+01 9.000000000000000000e+00 1.514930256793932813e+03
4.000000000000000000e+00 1.705931680786406801e+01 8.000000000000000000e+00 1.767719663786366937e+03
5.000000000000000000e+00 1.682513751827320192e+01 8.000000000000000000e+00 1.939214478385412121e+03
5.000000000000000000e+00 1.661939850331160429e+01 7.000000000000000000e+00 2.000000000000000000e+03
6.000000000000000000e+00 1.642159773062073214e+01 7.000000000000000000e+00 1.939214478385412121e+03
6.000000000000000000e+00 1.625086057528686823e+01 8.000000000000000000e+00 1.767719663786366937e+03
6.000000000000000000e+00 1.608703479784999857e+01 9.000000000000000000e+00 1.514930256793932813e+03
6.000000000000000000e+00 1.592975110487419599e+01 6.000000000000000000e+00 1.220572511101093369e+03
6.000000000000000000e+00 1.577786987081686121e+01 9.000000000000000000e+00 9.245411138389973758e+02
6.000000000000000000e+00 1.563221844952783357e+01 1.000000000000000000e+01 6.583859756158111622e+02
6.000000000000000000e+00 1.549206604069290627e+01 9.000000000000000000e+00 4.407848026641900105e+02
5.000000000000000000e+00 1.535672916098679508e+01 9.000000000000000000e+00 2.774369825719209643e+02
5.000000000000000000e+00 1.520687903608505920e+01 1.000000000000000000e+01 1.641699972477975962e+02
5.000000000000000000e+00 1.506244996434314487e+01 6.000000000000000000e+00 9.133030922126044970e+01
5.000000000000000000e+00 1.492224076078996475e+01 7.000000000000000000e+00 2.731734730600715588e-01
5.000000000000000000e+00 1.478701285291051803e+01 8.000000000000000000e+00 9.006631362249024608e-01
5.000000000000000000e+00 1.465657230090831575e+01 7.000000000000000000e+00 4.576787103720537653e-01
6.000000000000000000e+00 1.453034776962184615e+01 8.000000000000000000e+00 7.550108131263848499e-01
5.000000000000000000e+00 1.442782940869159169e+01 6.000000000000000000e+00 8.870865047301738082e-01
6.000000000000000000e+00 1.430902644962108639e+01 6.000000000000000000e+00 3.076588382067657612e-01
5.000000000000000000e+00 1.421344824100433257e+01 8.000000000000000000e+00 7.662192340783589017e-01
5.000000000000000000e+00 1.410208449362090910e+01 1.000000000000000000e+01 2.534066817203410871e-01
5.000000000000000000e+00 1.399477125744117245e+01 9.000000000000000000e+00 3.290044719430682552e-01
5.000000000000000000e+00 1.389077432497283660e+01 9.000000000000000000e+00 8.128925230039326655e-01
5.000000000000000000e+00 1.379015725008649795e+01 8.000000000000000000e+00 1.139781898159516471e-01
5.000000000000000000e+00 1.369259619564345165e+01 8.000000000000000000e+00 8.642795528893075785e-01
6.000000000000000000e+00 1.359816507635189176e+01 7.000000000000000000e+00 4.245258364847598331e-01
6.000000000000000000e+00 1.352581981978139325e+01 7.000000000000000000e+00 0.000000000000000000e+00
6.000000000000000000e+00 1.345567198720575952e+01 8.000000000000000000e+00 9.977630086463378234e-01
6.000000000000000000e+00 1.338782948432400843e+01 6.000000000000000000e+00 7.407189786352775807e-01
6.000000000000000000e+00 1.332162641750000454e+01 1.000000000000000000e+01 3.294857129221105962e-01
6.000000000000000000e+00 1.325815332034659377e+01 9.000000000000000000e+00 5.302003525556686636e-01
6.000000000000000000e+00 1.319634369743762647e+01 8.000000000000000000e+00 1.040666190409171854e-01
6.000000000000000000e+00 1.313613343183021520e+01 8.000000000000000000e+00 2.808015053514555381e-01
6.000000000000000000e+00 1.307765347809057843e+01 6.000000000000000000e+00 6.672121414877976164e-01
6.000000000000000000e+00 1.302045295969024963e+01 8.000000000000000000e+00 2.988941314812872951e-01
6.000000000000000000e+00 1.296525197398186435e+01 9.000000000000000000e+00 4.940847775883239201e-02
7.000000000000000000e+00 1.291178149531861408e+01 7.000000000000000000e+00 2.391666473307311191e-01
7.000000000000000000e+00 1.287866825471788879e+01 8.000000000000000000e+00 5.548923354166525046e-01
7.000000000000000000e+00 1.284647649626641019e+01 9.000000000000000000e+00 1.882575609213814616e-01
7.000000000000000000e+00 1.281517160762525265e+01 7.000000000000000000e+00 8.991890166870419865e-02
8.000000000000000000e+00 1.278414349470096134e+01 1.161000000000000000e+03 8.641809152638865177e-01
8.000000000000000000e+00 1.299496881700942197e+01 1.161000000000000000e+03 5.088483800791759881e-01
8.000000000000000000e+00 1.319720125158568891e+01 1.161000000000000000e+03 8.608843737387092965e-01
8.000000000000000000e+00 1.339118078916740906e+01 1.161000000000000000e+03 2.774369825719209643e+02
8.000000000000000000e+00 1.357733982326315392e+01 1.161000000000000000e+03 4.407848026641900105e+02
8.000000000000000000e+00 1.375604999760903269e+01 1.161000000000000000e+03 6.583859756158111622e+02
8.000000000000000000e+00 1.392768889231118479e+01 1.161000000000000000e+03 9.245411138389973758e+02
8.000000000000000000e+00 1.409263754618297249e+01 1.161000000000000000e+03 1.220572511101093369e+03
8.000000000000000000e+00 1.425127311141559616e+01 1.161000000000000000e+03 1.514930256793932813e+03
8.000000000000000000e+00 1.440395688776503036e+01 1.161000000000000000e+03 1.767719663786366937e+03
8.000000000000000000e+00 1.455101966731950291e+01 1.161000000000000000e+03 1.939214478385412121e+03
8.000000000000000000e+00 1.469274776656647497e+01 1.161000000000000000e+03 2.000000000000000000e+03
8.000000000000000000e+00 1.482937360412823402e+01 1.161000000000000000e+03 1.939214478385412121e+03
8.000000000000000000e+00 1.496107379042925167e+01 1.161000000000000000e+03 1.767719663786366937e+03
8.000000000000000000e+00 1.508797562672362247e+01 1.161000000000000000e+03 1.514930256793932813e+03
8.000000000000000000e+00 1.521017044276189800e+01 1.161000000000000000e+03 1.220572511101093369e+03
8.000000000000000000e+00 1.532773032533246749e+01 1.161000000000000000e+03 9.245411138389973758e+02
8.000000000000000000e+00 1.544072420666513601e+01 1.161000000000000000e+03 6.583859756158111622e+02
8.000000000000000000e+00 1.554923007650587685e+01 1.161000000000000000e+03 4.407848026641900105e+02
8.000000000000000000e+00 1.565334174580885573e+01 1.161000000000000000e+03 2.774369825719209643e+02
8.000000000000000000e+00 1.575317035084133188e+01 1.161000000000000000e+03 1.641699972477975962e+02
8.000000000000000000e+00 1.584884200983577252e+01 1.161000000000000000e+03 9.133030922126044970e+01
8.000000000000000000e+00 1.594049347717376897e+01 1.161000000000000000e+03 8.542739275710786728e-01
8.000000000000000000e+00 1.602824943418092118e+01 1.161000000000000000e+03 2.558041085179303398e-01
8.000000000000000000e+00 1.611226417328819949e+01 1.161000000000000000e+03 5.197653481273445397e-01
8.000000000000000000e+00 1.619268622756608167e+01 1.161000000000000000e+03 4.094929617289855273e-01
8.000000000000000000e+00 1.626965812325600069e+01 1.161000000000000000e+03 1.401131479267536672e-02
8.000000000000000000e+00 1.634331665131757916e+01 1.161000000000000000e+03 8.558102263976644641e-01
8.000000000000000000e+00 1.641379367731795114e+01 1.161000000000000000e+03 1.084957064344428401e-01
8.000000000000000000e+00 1.648121525161724321e+01 1.161000000000000000e+03 9.859588258601859057e-02
8.000000000000000000e+00 1.654570273189484908e+01 1.161000000000000000e+03 6.767457765172520956e-01
8.000000000000000000e+00 1.660737291027289686e+01 1.161000000000000000e+03 4.971009508201694738e-01
8.000000000000000000e+00 1.666633767722420245e+01 1.161000000000000000e+03 6.363455520206007243e-01
8.000000000000000000e+00 1.672270462831053450e+01 1.161000000000000000e+03 3.912446074925528539e-01
8.000000000000000000e+00 1.677657696389339392e+01 1.161000000000000000e+03 3.387762267405188821e-01
8.000000000000000000e+00 1.682805388403445335e+01 1.161000000000000000e+03 0.000000000000000000e+00
8.000000000000000000e+00 1.687723056264895760e+01 1.161000000000000000e+03 2.005513750480888424e-01
8.000000000000000000e+00 1.692419862299406574e+01 1.161000000000000000e+03 7.286095059281669784e-01
8.000000000000000000e+00 1.696904619602604924e+01 1.161000000000000000e+03 5.902342166070504437e-01
8.000000000000000000e+00 1.701185767706476426e+01 1.161000000000000000e+03 4.074193255294974447e-01
8.000000000000000000e+00 1.705271411223045419e+01 1.161000000000000000e+03 9.404029988595399292e-01
8.000000000000000000e+00 1.709169362189737029e+01 1.161000000000000000e+03 3.460603373747688227e-01
8.000000000000000000e+00 1.712887080924788918e+01 1.161000000000000000e+03 4.466653849751063277e-01
8.000000000000000000e+00 1.716431759842879146e+01 1.161000000000000000e+03 4.412845985244174818e-01
8.000000000000000000e+00 1.719810303265371942e+01 1.161000000000000000e+03 8.313170302250562083e-01
8.000000000000000000e+00 1.723029358008870915e+01 1.161000000000000000e+03 9.062020000696994204e-01
8.000000000000000000e+00 1.726095296280925595e+01 1.161000000000000000e+03 4.937985045735837630e-01
8.000000000000000000e+00 1.729014219956787812e+01 1.161000000000000000e+03 6.833348848221686422e-01
8.000000000000000000e+00 1.731792013029291510e+01 8.000000000000000000e+00 9.370651967061238707e-02
8.000000000000000000e+00 1.712260370860959569e+01 8.000000000000000000e+00 8.288431221589707132e-01
7.000000000000000000e+00 1.693449850749180641e+01 6.000000000000000000e+00 2.225616772719534175e-01
7.000000000000000000e+00 1.673366675260346526e+01 6.000000000000000000e+00 5.073391982684622992e-01
7.000000000000000000e+00 1.654020738781495936e+01 8.000000000000000000e+00 2.774369825719209643e+02
8.000000000000000000e+00 1.635432184316298887e+01 7.000000000000000000e+00 4.407848026641900105e+02
7.000000000000000000e+00 1.619446842655178997e+01 9.000000000000000000e+00 6.583859756158111622e+02
7.000000000000000000e+00 1.602180034392513619e+01 1.000000000000000000e+01 9.245411138389973758e+02
7.000000000000000000e+00 1.585594499949883840e+01 8.000000000000000000e+00 1.220572511101093369e+03
7.000000000000000000e+00 1.569617080800571784e+01 7.000000000000000000e+00 1.514930256793932813e+03
8.000000000000000000e+00 1.554254271938816068e+01 9.000000000000000000e+00 1.767719663786366937e+03
7.000000000000000000e+00 1.541476152002566380e+01 7.000000000000000000e+00 1.939214478385412121e+03
8.000000000000000000e+00 1.527262298714290800e+01 8.000000000000000000e+00 2.000000000000000000e+03
8.000000000000000000e+00 1.515577353723177190e+01 7.000000000000000000e+00 1.939214478385412121e+03
8.000000000000000000e+00 1.504359595520647908e+01 9.000000000000000000e+00 1.767719663786366937e+03
8.000000000000000000e+00 1.493641620031776363e+01 8.000000000000000000e+00 1.514930256793932813e+03
8.000000000000000000e+00 1.483336314824517288e+01 8.000000000000000000e+00 1.220572511101093369e+03
8.000000000000000000e+00 1.473435304725492223e+01 8.000000000000000000e+00 9.245411138389973758e+02
7.000000000000000000e+00 1.463911302990980268e+01 7.000000000000000000e+00 6.583859756158111622e+02
7.000000000000000000e+00 1.452793064041581594e+01 7.000000000000000000e+00 4.407848026641900105e+02
7.000000000000000000e+00 1.442075538541660862e+01 7.000000000000000000e+00 2.774369825719209643e+02
6.000000000000000000e+00 1.431736768012178906e+01 1.000000000000000000e+01 1.641699972477975962e+02
6.000000000000000000e+00 1.419888309844771257e+01 8.000000000000000000e+00 9.133030922126044970e+01
6.000000000000000000e+00 1.408412089149621060e+01 7.000000000000000000e+00 1.344007317898274767e-01
6.000000000000000000e+00 1.397309280305983492e+01 5.000000000000000000e+00 3.766064426830595391e-01
6.000000000000000000e+00 1.386546081733964542e+01 7.000000000000000000e+00 7.462577965462650065e-01
6.000000000000000000e+00 1.376186166923870502e+01 8.000000000000000000e+00 2.511969889606019413e-01
5.000000000000000000e+00 1.366194588271756594e+01 7.000000000000000000e+00 5.873000222817675864e-01
5.000000000000000000e+00 1.354591574718998537e+01 8.000000000000000000e+00 5.408277497817469692e-01
4.000000000000000000e+00 1.343400425321788916e+01 8.000000000000000000e+00 6.190649018509137846e-01
4.000000000000000000e+00 1.330658889209414930e+01 8.000000000000000000e+00 9.289429053621020005e-01
4.000000000000000000e+00 1.318349443914465091e+01 8.000000000000000000e+00 4.315851801092419615e-01
4.000000000000000000e+00 1.306455226808373560e+01 6.000000000000000000e+00 4.654468910805737991e-01
4.000000000000000000e+00 1.294921597421489956e+01 9.000000000000000000e+00 8.814301022143710140e-01
3.000000000000000000e+00 1.283830664653828890e+01 8.000000000000000000e+00 7.965145299587986782e-01
3.000000000000000000e+00 1.271161315741023756e+01 9.000000000000000000e+00 2.628886190790605815e-01
3.000000000000000000e+00 1.258935558399770471e+01 7.000000000000000000e+00 0.000000000000000000e+00
3.000000000000000000e+00 1.247078425495256404e+01 8.000000000000000000e+00 3.965791375770522098e-01
3.000000000000000000e+00 1.235633259755295477e+01 1.100000000000000000e+01 1.569720159482460575e-01
3.000000000000000000e+00 1.224622499064713033e+01 7.000000000000000000e+00 9.354051638250656664e-01
2.000000000000000000e+00 1.213894691940758364e+01 8.000000000000000000e+00 3.998041066121438281e-02
2.000000000000000000e+00 1.201607950102874511e+01 1.000000000000000000e+01 9.863604166630369763e-01
2.000000000000000000e+00 1.189764392525699854e+01 8.000000000000000000e+00 1.431808220046012492e-01
2.000000000000000000e+00 1.178269848242432971e+01 7.000000000000000000e+00 4.855582882146849411e-01
2.000000000000000000e+00 1.167129981902620806e+01 9.000000000000000000e+00 3.302600989983409674e-01
1.000000000000000000e+00 1.156388698594920150e+01 7.000000000000000000e+00 2.350340751281972951e-01
1.000000000000000000e+00 1.144026632405048183e+01 7.000000000000000000e+00 6.098880384516343067e-01
0.000000000000000000e+00 1.132067504153277326e+01 1.000000000000000000e+01 1.325221393202098419e-01
0.000000000000000000e+00 1.118626356534819877e+01 8.000000000000000000e+00 1.527542996874626802e-01
1.000000000000000000e+00 1.105586919811962865e+01 8.000000000000000000e+00 2.707693579655240379e-01
1.000000000000000000e+00 1.094899013898408668e+01 9.000000000000000000e+00 7.273315019145013549e-01
3.000000000000000000e+00 1.084568261971463521e+01 9.000000000000000000e+00 6.821577801488316606e-01
4.000000000000000000e+00 1.078415566082034616e+01 8.000000000000000000e+00 5.434505491298616819e-01
5.000000000000000000e+00 1.074341854229625959e+01 9.000000000000000000e+00 2.774369825719209643e+02
6.000000000000000000e+00 1.072320232772692705e+01 8.000000000000000000e+00 4.407848026641900105e+02
7.000000000000000000e+00 1.072243585938268140e+01 9.000000000000000000e+00 6.583859756158111622e+02
7.000000000000000000e+00 1.074087951886901848e+01 8.000000000000000000e+00 9.245411138389973758e+02
7.000000000000000000e+00 1.075828266255902399e+01 7.000000000000000000e+00 1.220572511101093369e+03
7.000000000000000000e+00 1.077479990078349914e+01 7.000000000000000000e+00 1.514930256793932813e+03
7.000000000000000000e+00 1.079077108641264005e+01 9.000000000000000000e+00 1.767719663786366937e+03
7.000000000000000000e+00 1.080669893087906708e+01 8.000000000000000000e+00 1.939214478385412121e+03
7.000000000000000000e+00 1.082207372150282332e+01 7.000000000000000000e+00 2.000000000000000000e+03
7.000000000000000000e+00 1.083693958153536308e+01 9.000000000000000000e+00 1.939214478385412121e+03
7.000000000000000000e+00 1.085186919984945320e+01 7.000000000000000000e+00 1.767719663786366937e+03
7.000000000000000000e+00 1.086602473932348367e+01 9.000000000000000000e+00 1.514930256793932813e+03
6.000000000000000000e+00 1.088010816709809525e+01 6.000000000000000000e+00 1.220572511101093369e+03
5.000000000000000000e+00 1.087377828528278734e+01 1.000000000000000000e+01 9.245411138389973758e+02
4.000000000000000000e+00 1.084901396818896124e+01 9.000000000000000000e+00 6.583859756158111622e+02
4.000000000000000000e+00 1.080542161828687675e+01 7.000000000000000000e+00 4.407848026641900105e+02
4.000000000000000000e+00 1.076268027957560847e+01 6.000000000000000000e+00 2.774369825719209643e+02
4.000000000000000000e+00 1.072088710872188422e+01 9.000000000000000000e+00 1.641699972477975962e+02
2.000000000000000000e+00 1.068073194522738945e+01 1.200000000000000000e+01 9.133030922126044970e+01
1.000000000000000000e+00 1.060358495139120905e+01 8.000000000000000000e+00 2.799899591717983638e-01
1.000000000000000000e+00 1.050867927768094212e+01 8.000000000000000000e+00 3.870867122514453085e-01
0.000000000000000000e+00 1.041669735952124221e+01 9.000000000000000000e+00 2.378565206515804720e-01
0.000000000000000000e+00 1.030844866521385050e+01 7.000000000000000000e+00 6.949450382873598731e-01
0.000000000000000000e+00 1.020321188192342277e+01 8.000000000000000000e+00 9.027030150949485465e-01
0.000000000000000000e+00 1.010144732647476395e+01 1.000000000000000000e+01 4.701343361515430974e-01
0.000000000000000000e+00 1.000321288879126058e+01 8.000000000000000000e+00 5.723240320724354291e-02
-1.000000000000000000e+00 9.907602805336104268e+00 8.000000000000000000e+00 3.439512949417833365e-02
-1.000000000000000000e+00 9.795630443889388417e+00 9.000000000000000000e+00 9.643573813817462037e-01
-1.000000000000000000e+00 9.687347630269275811e+00 1.000000000000000000e+01 6.095169073196372578e-01
-1.000000000000000000e+00 9.582611535252437918e+00 8.000000000000000000e+00 6.834868951900584522e-01
-1.000000000000000000e+00 9.480708176437062207e+00 9.000000000000000000e+00 5.705044770033870227e-01
-1.000000000000000000e+00 9.382104935818400548e+00 1.100000000000000000e+01 9.243409816254163358e-01
-2.000000000000000000e+00 9.286866913872104945e+00 9.000000000000000000e+00 0.000000000000000000e+00
-1.000000000000000000e+00 9.174824958947422004e+00 9.000000000000000000e+00 3.753984163366175242e-01
-1.000000000000000000e+00 9.085509953238890546e+00 1.100000000000000000e+01 2.431838921692530686e-02
-1.000000000000000000e+00 8.999201428188548846e+00 8.000000000000000000e+00 3.571101064788018142e-02
-1.000000000000000000e+00 8.914822223751011521e+00 1.000000000000000000e+01 4.972652150195737697e-01
-1.000000000000000000e+00 8.833259966349274350e+00 1.100000000000000000e+01 8.678915523138420740e-01
-1.000000000000000000e+00 8.754214357184544326e+00 1.100000000000000000e+01 4.162625487582861661e-01
-1.000000000000000000e+00 8.677396416351523811e+00 1.000000000000000000e+01 9.783668137318941582e-01
-1.000000000000000000e+00 8.602528741126208800e+00 1.000000000000000000e+01 3.040451481293070524e-01
-1.000000000000000000e+00 8.529728816734191810e+00 9.000000000000000000e+00 4.811603068413412565e-01
-1.000000000000000000e+00 8.458725388597674311e+00 1.000000000000000000e+01 2.601595370029985421e-02
-1.000000000000000000e+00 8.389834394481319180e+00 1.000000000000000000e+01 1.998541741099673086e-01
-1.000000000000000000e+00 8.322783007378282250e+00 9.000000000000000000e+00 1.259918062676994577e-01
0.000000000000000000e+00 8.257308856258488206e+00 7.000000000000000000e+00 7.663580534023209934e-01
1.000000000000000000e+00 8.212429798641236900e+00 7.000000000000000000e+00 4.303560043645280331e-01
2.000000000000000000e+00 8.187778631102366589e+00 8.000000000000000000e+00 7.505480094186623985e-01
3.000000000000000000e+00 8.182810810588058814e+00 1.100000000000000000e+01 1.152466433176471128e-01
3.000000000000000000e+00 8.197195257095241772e+00 1.000000000000000000e+01 2.774369825719209643e+02
4.000000000000000000e+00 8.210296967501477639e+00 1.100000000000000000e+01 4.407848026641900105e+02
5.000000000000000000e+00 8.241884896754054779e+00 9.000000000000000000e+00 6.583859756158111622e+02
6.000000000000000000e+00 8.290796379586693021e+00 1.100000000000000000e+01 9.245411138389973758e+02
8.000000000000000000e+00 8.357278396704094448e+00 1.000000000000000000e+01 1.220572511101093369e+03
1.000000000000000000e+01 8.459503593725738568e+00 1.100000000000000000e+01 1.514930256793932813e+03
1.000000000000000000e+01 8.596676359972065029e+00 7.000000000000000000e+00 1.767719663786366937e+03
1.100000000000000000e+01 8.728130458110827661e+00 9.000000000000000000e+00 1.939214478385412121e+03
1.000000000000000000e+01 8.874578766997872847e+00 8.000000000000000000e+00 2.000000000000000000e+03
9.000000000000000000e+00 8.996394036732201727e+00 9.000000000000000000e+00 1.939214478385412121e+03
9.000000000000000000e+00 9.094848800783532639e+00 8.000000000000000000e+00 1.767719663786366937e+03
9.000000000000000000e+00 9.189624181066209374e+00 1.000000000000000000e+01 1.514930256793932813e+03
7.000000000000000000e+00 9.281344095907098080e+00 9.000000000000000000e+00 1.220572511101093369e+03
6.000000000000000000e+00 9.330899302735641498e+00 8.000000000000000000e+00 9.245411138389973758e+02
6.000000000000000000e+00 9.358991586532285467e+00 8.000000000000000000e+00 6.583859756158111622e+02
6.000000000000000000e+00 9.385769120911959362e+00 1.100000000000000000e+01 4.407848026641900105e+02
6.000000000000000000e+00 9.411777966644471860e+00 1.000000000000000000e+01 2.774369825719209643e+02
5.000000000000000000e+00 9.436218076181251746e+00 1.000000000000000000e+01 1.641699972477975962e+02
6.000000000000000000e+00 9.440031269460316565e+00 8.000000000000000000e+00 9.133030922126044970e+01
6.000000000000000000e+00 9.462100879898216022e+00 8.000000000000000000e+00 6.184966169931660485e-02
6.000000000000000000e+00 9.482846180315961604e+00 1.000000000000000000e+01 7.060966116727193098e-01
7.000000000000000000e+00 9.502705623018668391e+00 1.000000000000000000e+01 6.860630328727945759e-02
6.000000000000000000e+00 9.540600831874417764e+00 7.000000000000000000e+00 1.237424267353579577e-01
5.000000000000000000e+00 9.556763711862251043e+00 6.000000000000000000e+00 9.566427988494830004e-02
6.000000000000000000e+00 9.552378111172792785e+00 7.000000000000000000e+00 6.975110808972360132e-01
5.000000000000000000e+00 9.567121620483630906e+00 6.000000000000000000e+00 1.256132921148900294e-02
7.000000000000000000e+00 9.561375403325557798e+00 8.000000000000000000e+00 5.146606093608570021e-01
7.000000000000000000e+00 9.594276816628408255e+00 8.000000000000000000e+00 3.288656392173218146e-01
7.000000000000000000e+00 9.625496055443017340e+00 1.000000000000000000e+01 5.480257595777054958e-01
7.000000000000000000e+00 9.655485327268342743e+00 7.000000000000000000e+00 3.208552558275838962e-01
7.000000000000000000e+00 9.683333028613166249e+00 8.000000000000000000e+00 4.542546744373072709e-01
7.000000000000000000e+00 9.709893465232768861e+00 8.000000000000000000e+00 2.105445887121760729e-01
7.000000000000000000e+00 9.735026336570937744e+00 9.000000000000000000e+00 0.000000000000000000e+00
7.000000000000000000e+00 9.758981311265207736e+00 8.000000000000000000e+00 5.692077933828665337e-02
7.000000000000000000e+00 9.781421566892175790e+00 6.000000000000000000e+00 6.787866065778800362e-01
7.000000000000000000e+00 9.802215686872239431e+00 7.000000000000000000e+00 5.666249620692278555e-01
7.000000000000000000e+00 9.822006209750476557e+00 9.000000000000000000e+00 1.643405045706156642e-01
8.000000000000000000e+00 9.841026195833750378e+00 8.000000000000000000e+00 4.074451670987897511e-01
7.000000000000000000e+00 9.878000514798850773e+00 1.000000000000000000e+01 9.733126850418271081e-01
7.000000000000000000e+00 9.894317938302277682e+00 7.000000000000000000e+00 9.664171846163941426e-01
7.000000000000000000e+00 9.909044303009117982e+00 9.000000000000000000e+00 1.780974903811264332e-01
6.000000000000000000e+00 9.923204122406765748e+00 1.000000000000000000e+01 8.045286721162278054e-01
7.000000000000000000e+00 9.917359350459507894e+00 7.000000000000000000e+00 2.862988359487388390e-01
7.000000000000000000e+00 9.930011976067888213e+00 9.000000000000000000e+00 8.511401982730519844e-01
7.000000000000000000e+00 9.942183531662390550e+00 7.000000000000000000e+00 8.684239363503533093e-01
7.000000000000000000e+00 9.953125225088697903e+00 1.000000000000000000e+01 9.524384331512758539e-01
6.000000000000000000e+00 9.963847842579667713e+00 1.100000000000000000e+01 6.925285887840710863e-01
8.000000000000000000e+00 9.954707162161032130e+00 8.000000000000000000e+00 8.447245082734443633e-01
8.000000000000000000e+00 9.983469653648322506e+00 1.100000000000000000e+01 3.993892751223787618e-01
8.000000000000000000e+00 1.001137203544788790e+01 8.000000000000000000e+00 2.774369825719209643e+02
8.000000000000000000e+00 1.003740198597880351e+01 8.000000000000000000e+00 4.407848026641900105e+02
9.000000000000000000e+00 1.006227285926316206e+01 1.100000000000000000e+01 6.583859756158111622e+02
9.000000000000000000e+00 1.010596089792873009e+01 1.000000000000000000e+01 9.245411138389973758e+02
8.000000000000000000e+00 1.014784606419635615e+01 8.000000000000000000e+00 1.220572511101093369e+03
8.000000000000000000e+00 1.016865023780126798e+01 7.000000000000000000e+00 1.514930256793932813e+03
8.000000000000000000e+00 1.018872025626571087e+01 8.000000000000000000e+00 1.767719663786366937e+03
8.000000000000000000e+00 1.020856554215163037e+01 9.000000000000000000e+00 1.939214478385412121e+03
8.000000000000000000e+00 1.022825977635097061e+01 8.000000000000000000e+00 2.000000000000000000e+03
7.000000000000000000e+00 1.024744650108201505e+01 9.000000000000000000e+00 1.939214478385412121e+03
7.000000000000000000e+00 1.024723571778341835e+01 7.000000000000000000e+00 1.767719663786366937e+03
7.000000000000000000e+00 1.024696011371567117e+01 8.000000000000000000e+00 1.514930256793932813e+03
5.000000000000000000e+00 1.024710102933966382e+01 8.000000000000000000e+00 1.220572511101093369e+03
4.000000000000000000e+00 1.020879690002973028e+01 1.000000000000000000e+01 9.245411138389973758e+02
3.000000000000000000e+00 1.015298782780393161e+01 1.000000000000000000e+01 6.583859756158111622e+02
3.000000000000000000e+00 1.007981991954157763e+01 1.000000000000000000e+01 4.407848026641900105e+02
2.000000000000000000e+00 1.000910661768773480e+01 8.000000000000000000e+00 2.774369825719209643e+02
0.000000000000000000e+00 9.921035304184560033e+00 8.000000000000000000e+00 1.641699972477975962e+02
1.000000000000000000e+00 9.797304535938785364e+00 1.000000000000000000e+01 9.133030922126044970e+01
1.000000000000000000e+00 9.697371661684485389e+00 8.000000000000000000e+00 5.590867994298754917e-01
3.000000000000000000e+00 9.600285181951329960e+00 9.000000000000000000e+00 4.870723043767249960e-01
3.000000000000000000e+00 9.545050995147066786e+00 1.000000000000000000e+01 3.087197812974992184e-01
3.000000000000000000e+00 9.491597877271948036e+00 8.000000000000000000e+00 5.300120818579500126e-01
4.000000000000000000e+00 9.439280617172000731e+00 1.000000000000000000e+01 1.725336009044460273e-01
3.000000000000000000e+00 9.408094637820424211e+00 7.000000000000000000e+00 2.550516682026732207e-01
2.000000000000000000e+00 9.357765893339475838e+00 9.000000000000000000e+00 1.828928285462585457e-01
2.000000000000000000e+00 9.289953378273182238e+00 1.000000000000000000e+01 7.654258912813138860e-01
2.000000000000000000e+00 9.224368001782615067e+00 1.000000000000000000e+01 3.451354380524640497e-02
2.000000000000000000e+00 9.160731363421735551e+00 1.000000000000000000e+01 8.218139991227302321e-01
2.000000000000000000e+00 9.098968733265342834e+00 1.000000000000000000e+01 5.208521079635382023e-01
2.000000000000000000e+00 9.039007906862687847e+00 1.000000000000000000e+01 6.868512730282827494e-02
1.000000000000000000e+00 8.980779465804737072e+00 9.000000000000000000e+00 4.845553936014409535e-01
1.000000000000000000e+00 8.904754927656162167e+00 9.000000000000000000e+00 0.000000000000000000e+00
1.000000000000000000e+00 8.831041265682545216e+00 9.000000000000000000e+00 2.191668849881097669e-01
0.000000000000000000e+00 8.759549388064316489e+00 8.000000000000000000e+00 9.508685267748303582e-01
0.000000000000000000e+00 8.670731777830448905e+00 6.000000000000000000e+00 2.959170297380229187e-01
0.000000000000000000e+00 8.584292307577609193e+00 8.000000000000000000e+00 8.571082172693366141e-01
0.000000000000000000e+00 8.500908364652980609e+00 7.000000000000000000e+00 5.430605240770846054e-01
0.000000000000000000e+00 8.419884885834285626e+00 8.000000000000000000e+00 8.436664914499434342e-01
0.000000000000000000e+00 8.341515419165320466e+00 1.100000000000000000e+01 2.792091034563356500e-01
0.000000000000000000e+00 8.266082004581150500e+00 8.000000000000000000e+00 1.639015723346510800e-01
0.000000000000000000e+00 8.192317610771922887e+00 9.000000000000000000e+00 8.616479442836937341e-01
0.000000000000000000e+00 8.120927418779293916e+00 9.000000000000000000e+00 8.242979614539454047e-01
0.000000000000000000e+00 8.051627746745717573e+00 1.000000000000000000e+01 4.622785845194721244e-01
0.000000000000000000e+00 7.984530399264824219e+00 1.200000000000000000e+01 5.639254467783310076e-01
0.000000000000000000e+00 7.919743147264453498e+00 1.000000000000000000e+01 8.483924099147140963e-01
1.000000000000000000e+00 7.856408203176533434e+00 9.000000000000000000e+00 8.473676274237931239e-01
2.000000000000000000e+00 7.813932075791510279e+00 7.000000000000000000e+00 4.392796948228538945e-01
2.000000000000000000e+00 7.791359935115879765e+00 9.000000000000000000e+00 5.554774401942444984e-01
2.000000000000000000e+00 7.769466204819679866e+00 1.000000000000000000e+01 2.774369825719209643e+02
3.000000000000000000e+00 7.748140024449846841e+00 1.000000000000000000e+01 4.407848026641900105e+02
3.000000000000000000e+00 7.746500707846677436e+00 1.000000000000000000e+01 6.583859756158111622e+02
3.000000000000000000e+00 7.744645037715021552e+00 1.100000000000000000e+01 9.245411138389973758e+02
3.000000000000000000e+00 7.742876647979506366e+00 1.000000000000000000e+01 1.220572511101093369e+03
3.000000000000000000e+00 7.740921598819608285e+00 8.000000000000000000e+00 1.514930256793932813e+03
3.000000000000000000e+00 7.738707688877227042e+00 8.000000000000000000e+00 1.767719663786366937e+03
3.000000000000000000e+00 7.736726051709534424e+00 9.000000000000000000e+00 1.939214478385412121e+03
3.000000000000000000e+00 7.735225114554280523e+00 7.000000000000000000e+00 2.000000000000000000e+03
2.000000000000000000e+00 7.733631845419505879e+00 8.000000000000000000e+00 1.939214478385412121e+03
1.000000000000000000e+00 7.713232639231643262e+00 1.100000000000000000e+01 1.767719663786366937e+03
1.000000000000000000e+00 7.675029265827191693e+00 9.000000000000000000e+00 1.514930256793932813e+03
0.000000000000000000e+00 7.637877209728626937e+00 8.000000000000000000e+00 1.220572511101093369e+03
-1.000000000000000000e+00 7.582544515824390707e+00 9.000000000000000000e+00 9.245411138389973758e+02
-1.000000000000000000e+00 7.509961304315560859e+00 1.100000000000000000e+01 6.583859756158111622e+02
-1.000000000000000000e+00 7.440110853720704576e+00 9.000000000000000000e+00 4.407848026641900105e+02
-3.000000000000000000e+00 7.372034626872988383e+00 9.000000000000000000e+00 2.774369825719209643e+02
-3.000000000000000000e+00 7.267446364786338542e+00 9.000000000000000000e+00 1.641699972477975962e+02
-3.000000000000000000e+00 7.166167309072891456e+00 1.000000000000000000e+01 9.133030922126044970e+01
-4.000000000000000000e+00 7.068233677242405477e+00 9.000000000000000000e+00 6.051356110575369929e-01
-3.000000000000000000e+00 6.953826925319723351e+00 9.000000000000000000e+00 2.719106005548774796e-01
-4.000000000000000000e+00 6.862272408224484366e+00 9.000000000000000000e+00 6.603941484056844446e-01
-4.000000000000000000e+00 6.754190458231604133e+00 9.000000000000000000e+00 4.603512110058989304e-01
-4.000000000000000000e+00 6.649446684807684527e+00 8.000000000000000000e+00 6.840583602748134817e-01
-4.000000000000000000e+00 6.547719839806387832e+00 1.100000000000000000e+01 2.986280880838133589e-01
-5.000000000000000000e+00 6.449662478649780262e+00 9.000000000000000000e+00 3.752461316492727850e-01
-5.000000000000000000e+00 6.334901751381273094e+00 1.100000000000000000e+01 6.203582246222794083e-02
-5.000000000000000000e+00 6.224079153725502245e+00 1.200000000000000000e+01 5.019596982836906918e-01
-5.000000000000000000e+00 6.116850399970820362e+00 9.000000000000000000e+00 1.731853903388060889e-01
-5.000000000000000000e+00 6.012307333533511766e+00 1.100000000000000000e+01 8.289402211251184482e-02
-5.000000000000000000e+00 5.911307726055708756e+00 1.200000000000000000e+01 3.579739271140438550e-01
-4.000000000000000000e+00 5.813522776801447911e+00 1.000000000000000000e+01 4.043039978275123625e-01
-5.000000000000000000e+00 5.737521541056630703e+00 9.000000000000000000e+00 0.000000000000000000e+00
-5.000000000000000000e+00 5.644158193615968599e+00 1.000000000000000000e+01 3.508603366631077858e-01
-5.000000000000000000e+00 5.553715997240302293e+00 8.000000000000000000e+00 5.394856540272862100e-01
-5.000000000000000000e+00 5.465505804445342619e+00 1.100000000000000000e+01 9.514354963156109735e-01
-5.000000000000000000e+00 5.380403639064643251e+00 1.000000000000000000e+01 3.286082910909359223e-01
-5.000000000000000000e+00 5.297520749766411186e+00 1.100000000000000000e+01 4.331001010452797395e-01
-6.000000000000000000e+00 5.217156789160193320e+00 1.000000000000000000e+01 4.276122536798081519e-01
-5.000000000000000000e+00 5.119560872621849335e+00 1.000000000000000000e+01 1.086608102528300313e-01
-5.000000000000000000e+00 5.044088493605324075e+00 1.200000000000000000e+01 6.150826276635584788e-01
-4.000000000000000000e+00 4.971043418707126627e+00 1.000000000000000000e+01 3.772344591142776649e-01
-3.000000000000000000e+00 4.918833472326768153e+00 8.000000000000000000e+00 2.512332635112998203e-01
-2.000000000000000000e+00 4.886697601063186625e+00 1.000000000000000000e+01 8.363048952808073144e-01
-1.000000000000000000e+00 4.874674135892753668e+00 1.100000000000000000e+01 9.677406565948026840e-01
0.000000000000000000e+00 4.881838792282366946e+00 1.200000000000000000e+01 3.546476836718042147e-01
0.000000000000000000e+00 4.907495400328963697e+00 1.200000000000000000e+01 5.525464730022111581e-01
1.000000000000000000e+00 4.931513261893866407e+00 8.000000000000000000e+00 1.867905230150653795e-01
2.000000000000000000e+00 4.972459278338035027e+00 8.000000000000000000e+00 4.123768498937486759e-01
3.000000000000000000e+00 5.030494644274428495e+00 9.000000000000000000e+00 2.774369825719209643e+02
3.000000000000000000e+00 5.105303939539445501e+00 9.000000000000000000e+00 4.407848026641900105e+02
6.000000000000000000e+00 5.176885915474527700e+00 8.000000000000000000e+00 6.583859756158111622e+02
6.000000000000000000e+00 5.303069212428394685e+00 9.000000000000000000e+00 9.245411138389973758e+02
7.000000000000000000e+00 5.424553280441565484e+00 9.000000000000000000e+00 1.220572511101093369e+03
6.000000000000000000e+00 5.560714402366207842e+00 9.000000000000000000e+00 1.514930256793932813e+03
6.000000000000000000e+00 5.672604806054554416e+00 9.000000000000000000e+00 1.767719663786366937e+03
5.000000000000000000e+00 5.780488937167008068e+00 1.100000000000000000e+01 1.939214478385412121e+03
5.000000000000000000e+00 5.865704198086582721e+00 8.000000000000000000e+00 2.000000000000000000e+03
5.000000000000000000e+00 5.947416813893007692e+00 1.000000000000000000e+01 1.939214478385412121e+03
4.000000000000000000e+00 6.026701389976324208e+00 1.000000000000000000e+01 1.767719663786366937e+03
3.000000000000000000e+00 6.083932799950305892e+00 9.000000000000000000e+00 1.514930256793932813e+03
2.000000000000000000e+00 6.119632250339825497e+00 8.000000000000000000e+00 1.220572511101093369e+03
2.000000000000000000e+00 6.134477022515360645e+00 1.100000000000000000e+01 9.245411138389973758e+02
1.000000000000000000e+00 6.149156610473036189e+00 9.000000000000000000e+00 6.583859756158111622e+02
1.000000000000000000e+00 6.143345251198876866e+00 1.100000000000000000e+01 4.407848026641900105e+02
1.000000000000000000e+00 6.137748723229641712e+00 8.000000000000000000e+00 2.774369825719209643e+02
2.000000000000000000e+00 6.131335970841991667e+00 1.000000000000000000e+01 1.641699972477975962e+02
1.000000000000000000e+00 6.144327921283269767e+00 9.000000000000000000e+00 9.133030922126044970e+01
1.000000000000000000e+00 6.136875102847087149e+00 8.000000000000000000e+00 5.928270233960386548e-02
1.000000000000000000e+00 6.128961434173521461e+00 1.000000000000000000e+01 8.185882058894411450e-01
0.000000000000000000e+00 6.121183768186486240e+00 1.200000000000000000e+01 3.435757639129132235e-01
1.000000000000000000e+00 6.094268786566640728e+00 8.000000000000000000e+00 5.407361717948240276e-01
0.000000000000000000e+00 6.086300662615595769e+00 1.100000000000000000e+01 9.592613502041142937e-01
0.000000000000000000e+00 6.059398298590370935e+00 9.000000000000000000e+00 9.623006195856236289e-01
0.000000000000000000e+00 6.032560476404407623e+00 1.100000000000000000e+01 8.846687183288364231e-01
0.000000000000000000e+00 6.006555251357818648e+00 9.000000000000000000e+00 6.792114181693155173e-01
0.000000000000000000e+00 5.980582623697985767e+00 1.000000000000000000e+01 1.572922424219295179e-01
0.000000000000000000e+00 5.955219413858331201e+00 1.200000000000000000e+01 4.844000810606206020e-01
0.000000000000000000e+00 5.930635992020530267e+00 8.000000000000000000e+00 9.536184727065973865e-01
0.000000000000000000e+00 5.905650054858657683e+00 9.000000000000000000e+00 8.580410028632106112e-01
0.000000000000000000e+00 5.881239956448460759e+00 1.100000000000000000e+01 2.544423990957410675e-01
0.000000000000000000e+00 5.857577019785997763e+00 8.000000000000000000e+00 0.000000000000000000e+00
0.000000000000000000e+00 5.833672252225911237e+00 1.000000000000000000e+01 9.303659604521814508e-01
0.000000000000000000e+00 5.810498252988304912e+00 7.000000000000000000e+00 4.098735981843120157e-01
0.000000000000000000e+00 5.787066564026762450e+00 1.100000000000000000e+01 4.995903541999506814e-01
0.000000000000000000e+00 5.764734708384610329e+00 1.000000000000000000e+01 5.493533672690154024e-01
0.000000000000000000e+00 5.742500286990697589e+00 1.000000000000000000e+01 4.206285743275485212e-01
0.000000000000000000e+00 5.720553237631503585e+00 1.000000000000000000e+01 3.436197283870097152e-01
0.000000000000000000e+00 5.698883910063964997e+00 8.000000000000000000e+00 6.289884742923054217e-01
0.000000000000000000e+00 5.677098538611108580e+00 1.100000000000000000e+01 2.330514724406403948e-01
1.000000000000000000e+00 5.656164421788425045e+00 1.000000000000000000e+01 1.136301933894190430e-01
1.000000000000000000e+00 5.654550803524987401e+00 9.000000000000000000e+00 6.636103709555930541e-01
2.000000000000000000e+00 5.652286026568591026e+00 1.100000000000000000e+01 9.915638431489626203e-02
3.000000000000000000e+00 5.669243644833703577e+00 8.000000000000000000e+00 6.350888402066088290e-01
3.000000000000000000e+00 5.703764545748606807e+00 1.200000000000000000e+01 8.826557336325052683e-01
3.000000000000000000e+00 5.737291728669829283e+00 9.000000000000000000e+00 1.290596722626801141e-01
4.000000000000000000e+00 5.768519901233950087e+00 8.000000000000000000e+00 2.909815890629645629e-01
5.000000000000000000e+00 5.817194829947707646e+00 9.000000000000000000e+00 3.938267127390212563e-01
5.000000000000000000e+00 5.883072528741762675e+00 9.000000000000000000e+00 2.774369825719209643e+02
5.000000000000000000e+00 5.946178210927368646e+00 9.000000000000000000e+00 4.407848026641900105e+02
6.000000000000000000e+00 6.006684335435433120e+00 1.000000000000000000e+01 6.583859756158111622e+02
6.000000000000000000e+00 6.084239287718752109e+00 9.000000000000000000e+00 9.245411138389973758e+02
6.000000000000000000e+00 6.158676957732092561e+00 9.000000000000000000e+00 1.220572511101093369e+03
6.000000000000000000e+00 6.230425471104935831e+00 1.100000000000000000e+01 1.514930256793932813e+03
6.000000000000000000e+00 6.300087611873264493e+00 7.000000000000000000e+00 1.767719663786366937e+03
5.000000000000000000e+00 6.366688019987674529e+00 9.000000000000000000e+00 1.939214478385412121e+03
5.000000000000000000e+00 6.412295125821645847e+00 9.000000000000000000e+00 2.000000000000000000e+03
4.000000000000000000e+00 6.456585849511329300e+00 8.000000000000000000e+00 1.939214478385412121e+03
4.000000000000000000e+00 6.480125307791121614e+00 1.000000000000000000e+01 1.767719663786366937e+03
4.000000000000000000e+00 6.503453020226829473e+00 9.000000000000000000e+00 1.514930256793932813e+03
4.000000000000000000e+00 6.525902997409527728e+00 9.000000000000000000e+00 1.220572511101093369e+03
4.000000000000000000e+00 6.547588529558561632e+00 8.000000000000000000e+00 9.245411138389973758e+02
4.000000000000000000e+00 6.568233702499433058e+00 1.000000000000000000e+01 6.583859756158111622e+02
4.000000000000000000e+00 6.588354320136120101e+00 1.000000000000000000e+01 4.407848026641900105e+02
3.000000000000000000e+00 6.607503775217274722e+00 9.000000000000000000e+00 2.774369825719209643e+02
3.000000000000000000e+00 6.606196195074339528e+00 8.000000000000000000e+00 1.641699972477975962e+02
3.000000000000000000e+00 6.604406883800304939e+00 1.000000000000000000e+01 9.133030922126044970e+01
3.000000000000000000e+00 6.602704677179991322e+00 1.100000000000000000e+01 8.826962955275694522e-01
3.000000000000000000e+00 6.600860657236826690e+00 9.000000000000000000e+00 3.285239554401653272e-02
3.000000000000000000e+00 6.598304523764547902e+00 9.000000000000000000e+00 9.185004026234198093e-01
3.000000000000000000e+00 6.595450098396804073e+00 1.100000000000000000e+01 2.086937000873925196e-01
3.000000000000000000e+00 6.592694671911274007e+00 1.000000000000000000e+01 1.894334282209624298e-01
3.000000000000000000e+00 6.589458957555847540e+00 1.000000000000000000e+01 6.075970864259969684e-01
3.000000000000000000e+00 6.585955331160893600e+00 1.000000000000000000e+01 7.345875311079285153e-01
3.000000000000000000e+00 6.582195564850814584e+00 1.000000000000000000e+01 7.473483632178334890e-02
3.000000000000000000e+00 6.578190661311061227e+00 1.200000000000000000e+01 9.979760956541653405e-01
3.000000000000000000e+00 6.574336423073432023e+00 1.000000000000000000e+01 8.805092572965041997e-01
3.000000000000000000e+00 6.569859153789542994e+00 8.000000000000000000e+00 1.528852277049985720e-01
3.000000000000000000e+00 6.564783883487036675e+00 8.000000000000000000e+00 1.057071195256695795e-01
3.000000000000000000e+00 6.559519544057012652e+00 8.000000000000000000e+00 8.200970616175442540e-01
3.000000000000000000e+00 6.554075003452018322e+00 1.000000000000000000e+01 0.000000000000000000e+00
2.000000000000000000e+00 6.548842817874298561e+00 9.000000000000000000e+00 2.218590198941045033e-01
2.000000000000000000e+00 6.523969471925311403e+00 1.000000000000000000e+01 9.052552742080379744e-01
2.000000000000000000e+00 6.499826787000677619e+00 7.000000000000000000e+00 3.421694970494080223e-01
2.000000000000000000e+00 6.475617953464997356e+00 9.000000000000000000e+00 1.596078233776949684e-01
3.000000000000000000e+00 6.452307755550038770e+00 8.000000000000000000e+00 1.589196988952028544e-01
2.000000000000000000e+00 6.448555302500825093e+00 8.000000000000000000e+00 5.320845239274230032e-01
2.000000000000000000e+00 6.425301589468123353e+00 1.000000000000000000e+01 1.888132636706815193e-01
2.000000000000000000e+00 6.402912712999773603e+00 9.000000000000000000e+00 5.541459232004926072e-01
2.000000000000000000e+00 6.380779429147783510e+00 1.000000000000000000e+01 2.002851723521457128e-01
2.000000000000000000e+00 6.359277209796157848e+00 1.000000000000000000e+01 6.236827207585645683e-01
2.000000000000000000e+00 6.338190473459612839e+00 8.000000000000000000e+00 9.989633592480442470e-01
2.000000000000000000e+00 6.317119600755310316e+00 9.000000000000000000e+00 9.053755888957544240e-01
2.000000000000000000e+00 6.296641719950271998e+00 1.000000000000000000e+01 9.743958616463639366e-01
2.000000000000000000e+00 6.276734919914750854e+00 9.000000000000000000e+00 1.681833379119168637e-02
3.000000000000000000e+00 6.256993126348324274e+00 7.000000000000000000e+00 4.808513244207452964e-01
2.000000000000000000e+00 6.256488547946360335e+00 7.000000000000000000e+00 6.298002144336622976e-03
2.000000000000000000e+00 6.236366574889129488e+00 8.000000000000000000e+00 2.774369825719209643e+02
2.000000000000000000e+00 6.216911950657059371e+00 9.000000000000000000e+00 4.407848026641900105e+02
2.000000000000000000e+00 6.198162056253079477e+00 1.100000000000000000e+01 6.583859756158111622e+02
1.000000000000000000e+00 6.180365711522124883e+00 9.000000000000000000e+00 9.245411138389973758e+02
0.000000000000000000e+00 6.143549088748113007e+00 8.000000000000000000e+00 1.220572511101093369e+03
0.000000000000000000e+00 6.088709396317911526e+00 7.000000000000000000e+00 1.514930256793932813e+03
0.000000000000000000e+00 6.035881401973352212e+00 9.000000000000000000e+00 1.767719663786366937e+03
0.000000000000000000e+00 5.985659193561214231e+00 8.000000000000000000e+00 1.939214478385412121e+03
0.000000000000000000e+00 5.937428720316748176e+00 9.000000000000000000e+00 2.000000000000000000e+03
0.000000000000000000e+00 5.891518513931559120e+00 8.000000000000000000e+00 1.939214478385412121e+03
0.000000000000000000e+00 5.847428655662866959e+00 9.000000000000000000e+00 1.767719663786366937e+03
0.000000000000000000e+00 5.805405457331394459e+00 1.200000000000000000e+01 1.514930256793932813e+03
0.000000000000000000e+00 5.765654973781960457e+00 8.000000000000000000e+00 1.220572511101093369e+03
0.000000000000000000e+00 5.726629063789002494e+00 1.000000000000000000e+01 9.245411138389973758e+02
0.000000000000000000e+00 5.689339011845665262e+00 1.100000000000000000e+01 6.583859756158111622e+02
-1.000000000000000000e+00 5.653423007713465509e+00 8.000000000000000000e+00 4.407848026641900105e+02
-1.000000000000000000e+00 5.598705445582619511e+00 8.000000000000000000e+00 2.774369825719209643e+02
-1.000000000000000000e+00 5.545654041537789958e+00 1.000000000000000000e+01 1.641699972477975962e+02
-2.000000000000000000e+00 5.494545725893118515e+00 9.000000000000000000e+00 9.133030922126044970e+01
-1.000000000000000000e+00 5.425431132735156758e+00 7.000000000000000000e+00 5.299959998839535169e-01
-1.000000000000000000e+00 5.377275908339981036e+00 7.000000000000000000e+00 6.645893007227593463e-01
-2.000000000000000000e+00 5.330428197666441825e+00 9.000000000000000000e+00 3.152825369532353816e-01
-2.000000000000000000e+00 5.265952815579858282e+00 1.000000000000000000e+01 2.806755896729179467e-01
-2.000000000000000000e+00 5.203566131909190595e+00 8.000000000000000000e+00 4.908557054829992827e-01
-2.000000000000000000e+00 5.142610958879064498e+00 9.000000000000000000e+00 2.235577649736104622e-01
-3.000000000000000000e+00 5.083609122957824411e+00 1.000000000000000000e+01 5.893913899342946294e-01
-3.000000000000000000e+00 5.007215956215075536e+00 1.100000000000000000e+01 5.968007296344407520e-01
-3.000000000000000000e+00 4.933330776410834950e+00 1.000000000000000000e+01 9.334084047515851523e-01
-3.000000000000000000e+00 4.861472363456339707e+00 1.100000000000000000e+01 7.175979052823082682e-01
-4.000000000000000000e+00 4.791947114826921705e+00 1.100000000000000000e+01 9.199651134883781722e-01
-3.000000000000000000e+00 4.705203144500567980e+00 1.000000000000000000e+01 5.460161639607440387e-01
-4.000000000000000000e+00 4.640210254509735677e+00 9.000000000000000000e+00 3.223647491975778490e-01
-4.000000000000000000e+00 4.557631253747875810e+00 1.000000000000000000e+01 0.000000000000000000e+00
-4.000000000000000000e+00 4.477757372860324381e+00 9.000000000000000000e+00 6.436845930488617196e-01
-4.000000000000000000e+00 4.400099867689982958e+00 1.000000000000000000e+01 2.816642469438970231e-01
-3.000000000000000000e+00 4.324957734133719534e+00 1.000000000000000000e+01 7.916248463661462731e-01
-3.000000000000000000e+00 4.271311781719800749e+00 1.000000000000000000e+01 6.624174614494359181e-01
-3.000000000000000000e+00 4.219104904291209657e+00 1.000000000000000000e+01 6.334268847872136510e-01
-3.000000000000000000e+00 4.168282281751316987e+00 1.200000000000000000e+01 3.533034902958512857e-01
-2.000000000000000000e+00 4.119175785283184510e+00 1.200000000000000000e+01 6.046601543157090752e-01
-2.000000000000000000e+00 4.090605356885773425e+00 1.000000000000000000e+01 7.464349809770588484e-01
-1.000000000000000000e+00 4.062167052412872792e+00 1.000000000000000000e+01 7.068102550229959924e-01
0.000000000000000000e+00 4.053511455551316978e+00 1.000000000000000000e+01 2.179705372261586671e-02
0.000000000000000000e+00 4.063918296223461013e+00 9.000000000000000000e+00 9.329712133665093443e-01
1.000000000000000000e+00 4.073234029726394922e+00 9.000000000000000000e+00 6.612881521883847702e-01
1.000000000000000000e+00 4.100964951396917968e+00 1.000000000000000000e+01 8.081459589869768312e-01
2.000000000000000000e+00 4.127367212760304938e+00 9.000000000000000000e+00 1.976302626746292423e-01
2.000000000000000000e+00 4.171379640785781717e+00 9.000000000000000000e+00 4.806748392366781975e-01
2.000000000000000000e+00 4.213289818484243554e+00 1.100000000000000000e+01 2.541864763088130807e-01
2.000000000000000000e+00 4.253566304515383756e+00 8.000000000000000000e+00 2.774369825719209643e+02
2.000000000000000000e+00 4.291419647874026744e+00 8.000000000000000000e+00 4.407848026641900105e+02
2.000000000000000000e+00 4.327585114412321410e+00 1.000000000000000000e+01 6.583859756158111622e+02
2.000000000000000000e+00 4.362597862673834648e+00 8.000000000000000000e+00 9.245411138389973758e+02
2.000000000000000000e+00 4.395836813142677713e+00 -4.000000000000000000e+00 1.220572511101093369e+03
2.000000000000000000e+00 4.425561824688961643e+00 -2.000000000000000000e+00 1.514930256793932813e+03
0.000000000000000000e+00 4.454713949186183797e+00 -4.000000000000000000e+00 1.767719663786366937e+03
0.000000000000000000e+00 4.444103527672214504e+00 -3.000000000000000000e+00 1.939214478385412121e+03
0.000000000000000000e+00 4.434362857877616193e+00 -3.000000000000000000e+00 2.000000000000000000e+03
0.000000000000000000e+00 4.425288045272222526e+00 -2.000000000000000000e+00 1.939214478385412121e+03
0.000000000000000000e+00 4.417021024834464349e+00 -3.000000000000000000e+00 1.767719663786366937e+03
0.000000000000000000e+00 4.409079049682925522e+00 -3.000000000000000000e+00 1.514930256793932813e+03
0.000000000000000000e+00 4.401544003390561954e+00 -3.000000000000000000e+00 1.220572511101093369e+03
0.000000000000000000e+00 4.394286789116024217e+00 -3.000000000000000000e+00 9.245411138389973758e+02
1.000000000000000000e+00 4.387183091989547812e+00 -3.000000000000000000e+00 6.583859756158111622e+02
1.000000000000000000e+00 4.399395093763991405e+00 -4.000000000000000000e+00 4.407848026641900105e+02
0.000000000000000000e+00 4.410674628955594478e+00 -2.000000000000000000e+00 2.774369825719209643e+02
0.000000000000000000e+00 4.402303588298542181e+00 -3.000000000000000000e+00 1.641699972477975962e+02
0.000000000000000000e+00 4.393649363603344682e+00 -3.000000000000000000e+00 9.133030922126044970e+01
1.000000000000000000e+00 4.384888559773188810e+00 -4.000000000000000000e+00 3.081902151629604125e-01
0.000000000000000000e+00 4.395069317558460753e+00 -4.000000000000000000e+00 2.263961503573896916e-02
0.000000000000000000e+00 4.385156815665011365e+00 -3.000000000000000000e+00 4.358875532785175810e-01
0.000000000000000000e+00 4.375348607454931482e+00 -1.000000000000000000e+00 1.433658061043032728e-01
0.000000000000000000e+00 4.365834382369067512e+00 -2.000000000000000000e+00 8.655152670455301678e-01
0.000000000000000000e+00 4.356027675280188305e+00 -1.000000000000000000e+00 1.940491648008488834e-01
0.000000000000000000e+00 4.346325578978759374e+00 -3.000000000000000000e+00 1.177607814698911071e-02
0.000000000000000000e+00 4.336148539308534389e+00 -3.000000000000000000e+00 9.015154965136598086e-01
0.000000000000000000e+00 4.325901233549863889e+00 -2.000000000000000000e+00 1.079056336330949106e-01
0.000000000000000000e+00 4.315779819589359079e+00 -2.000000000000000000e+00 3.774907684790950180e-01
0.000000000000000000e+00 4.305588695444099834e+00 -2.000000000000000000e+00 7.125206857060040200e-02
0.000000000000000000e+00 4.295331860704907356e+00 -1.000000000000000000e+00 7.821061020404556086e-01
0.000000000000000000e+00 4.285205858214736985e+00 -4.000000000000000000e+00 6.217807344533766711e-01
0.000000000000000000e+00 4.274437767879467387e+00 -3.000000000000000000e+00 0.000000000000000000e+00
0.000000000000000000e+00 4.263822682575655776e+00 -2.000000000000000000e+00 3.615429404085851450e-01
0.000000000000000000e+00 4.253356261657999404e+00 -1.000000000000000000e+00 5.156648404459718282e-01
0.000000000000000000e+00 4.243034251349682151e+00 -3.000000000000000000e+00 8.070374193283972319e-01
0.000000000000000000e+00 4.232275668424815507e+00 -2.000000000000000000e+00 3.843187352611801000e-01
0.000000000000000000e+00 4.221675447877768050e+00 -1.000000000000000000e+00 1.880646362198284960e-01
0.000000000000000000e+00 4.211228807285749554e+00 -3.000000000000000000e+00 3.694357429227826950e-01
1.000000000000000000e+00 4.200354348148298556e+00 -3.000000000000000000e+00 8.332314994378295925e-01
1.000000000000000000e+00 4.208724489160223570e+00 -3.000000000000000000e+00 2.405837381736716241e-01
1.000000000000000000e+00 4.216369961238835451e+00 -3.000000000000000000e+00 2.869740980312092127e-01
1.000000000000000000e+00 4.223320524845416202e+00 -3.000000000000000000e+00 2.518387381702648087e-01
1.000000000000000000e+00 4.229604731525773431e+00 -3.000000000000000000e+00 8.246984953324222323e-01
1.000000000000000000e+00 4.235250235866244495e+00 -3.000000000000000000e+00 2.960414538601053858e-01
1.000000000000000000e+00 4.240283175306871932e+00 -4.000000000000000000e+00 8.313596281833337542e-01
1.000000000000000000e+00 4.244536745780995268e+00 -2.000000000000000000e+00 7.794555716152310465e-01
1.000000000000000000e+00 4.248619550292793257e+00 -3.000000000000000000e+00 5.993634290435363443e-01
2.000000000000000000e+00 4.251962853659393637e+00 -2.000000000000000000e+00 1.549421968365030100e-01
1.000000000000000000e+00 4.274251029157459136e+00 -2.000000000000000000e+00 2.774369825719209643e+02
2.000000000000000000e+00 4.276170961892772127e+00 -2.000000000000000000e+00 4.407848026641900105e+02
1.000000000000000000e+00 4.297070385465686648e+00 -2.000000000000000000e+00 6.583859756158111622e+02
1.000000000000000000e+00 4.297803567012735471e+00 -3.000000000000000000e+00 9.245411138389973758e+02
2.000000000000000000e+00 4.298287095308853445e+00 -3.000000000000000000e+00 1.220572511101093369e+03
1.000000000000000000e+00 4.318106237600085606e+00 -4.000000000000000000e+00 1.514930256793932813e+03
1.000000000000000000e+00 4.317937427162049424e+00 -2.000000000000000000e+00 1.767719663786366937e+03
0.000000000000000000e+00 4.318453196361201840e+00 -2.000000000000000000e+00 1.939214478385412121e+03
0.000000000000000000e+00 4.300037344358504043e+00 -3.000000000000000000e+00 2.000000000000000000e+03
0.000000000000000000e+00 4.282477814338946587e+00 -3.000000000000000000e+00 1.939214478385412121e+03
0.000000000000000000e+00 4.265908702009018505e+00 -3.000000000000000000e+00 1.767719663786366937e+03
0.000000000000000000e+00 4.250224361599243217e+00 -3.000000000000000000e+00 1.514930256793932813e+03
0.000000000000000000e+00 4.235292366014014043e+00 -2.000000000000000000e+00 1.220572511101093369e+03
0.000000000000000000e+00 4.221162187811594357e+00 -3.000000000000000000e+00 9.245411138389973758e+02
0.000000000000000000e+00 4.207304296745986605e+00 -3.000000000000000000e+00 6.583859756158111622e+02
0.000000000000000000e+00 4.193798365252508376e+00 -2.000000000000000000e+00 4.407848026641900105e+02
0.000000000000000000e+00 4.180740025812364813e+00 -2.000000000000000000e+00 2.774369825719209643e+02
0.000000000000000000e+00 4.167857738862386086e+00 -3.000000000000000000e+00 1.641699972477975962e+02
0.000000000000000000e+00 4.154909838353112228e+00 -2.000000000000000000e+00 9.133030922126044970e+01
0.000000000000000000e+00 4.142256544128130713e+00 -2.000000000000000000e+00 6.824491227867501841e-02
0.000000000000000000e+00 4.129660350479592346e+00 -4.000000000000000000e+00 5.217428396612658892e-01
0.000000000000000000e+00 4.116735835870677818e+00 -2.000000000000000000e+00 1.598950535574141796e-01
0.000000000000000000e+00 4.104265948356600191e+00 -2.000000000000000000e+00 7.778075190763724667e-01
0.000000000000000000e+00 4.091850049508889420e+00 -3.000000000000000000e+00 3.113634288601151434e-01
0.000000000000000000e+00 4.079294791197314751e+00 -4.000000000000000000e+00 5.602620493930235979e-01
0.000000000000000000e+00 4.066606834275027893e+00 -1.000000000000000000e+00 5.416517695889421224e-01
0.000000000000000000e+00 4.054561731143499159e+00 -4.000000000000000000e+00 7.420058174235533155e-02
0.000000000000000000e+00 4.041981931063974187e+00 -2.000000000000000000e+00 9.479841748240147581e-01
0.000000000000000000e+00 4.029851085263125299e+00 -3.000000000000000000e+00 7.939150063472142360e-01
0.000000000000000000e+00 4.017576145251365638e+00 -3.000000000000000000e+00 3.474560132592398043e-01
0.000000000000000000e+00 4.005355988404658341e+00 -2.000000000000000000e+00 1.633129778385469244e-01
0.000000000000000000e+00 3.993381948792233516e+00 -3.000000000000000000e+00 2.488410790091500902e-01
0.000000000000000000e+00 3.981261171573285296e+00 -3.000000000000000000e+00 0.000000000000000000e+00
0.000000000000000000e+00 3.969192703811402545e+00 -3.000000000000000000e+00 1.480001787510903943e-01
0.000000000000000000e+00 3.957175778854243653e+00 -4.000000000000000000e+00 4.187402076722919197e-01
-1.000000000000000000e+00 3.945017388482889409e+00 -4.000000000000000000e+00 2.255007950426788366e-01
-1.000000000000000000e+00 3.913646566874593447e+00 -4.000000000000000000e+00 3.792706342289708932e-02
-1.000000000000000000e+00 3.883033568344256281e+00 -2.000000000000000000e+00 5.033879303169108699e-01
-1.000000000000000000e+00 3.853534697330037062e+00 -5.000000000000000000e+00 1.805512948688592356e-02
-1.000000000000000000e+00 3.824146037065080161e+00 -3.000000000000000000e+00 6.287158832283333831e-01
0.000000000000000000e+00 3.795825818792226691e+00 -4.000000000000000000e+00 9.587293413537737452e-01
0.000000000000000000e+00 3.787226678962157589e+00 -3.000000000000000000e+00 3.297417695005407934e-01
0.000000000000000000e+00 3.778745014848035932e+00 -3.000000000000000000e+00 9.695222485999666073e-02
0.000000000000000000e+00 3.770185199180283497e+00 -3.000000000000000000e+00 4.827040146180537894e-01
0.000000000000000000e+00 3.761551665860312532e+00 -4.000000000000000000e+00 8.914278815162840486e-01
0.000000000000000000e+00 3.752656363645316517e+00 -2.000000000000000000e+00 8.436151607545470110e-01
0.000000000000000000e+00 3.744087536755141610e+00 -5.000000000000000000e+00 9.445673832390001357e-01
0.000000000000000000e+00 3.734872370330178715e+00 -2.000000000000000000e+00 3.097229588565462155e-01
0.000000000000000000e+00 3.726190583543009804e+00 -3.000000000000000000e+00 7.412178989638745774e-01
0.000000000000000000e+00 3.717253839519301550e+00 -2.000000000000000000e+00 2.774369825719209643e+02
-1.000000000000000000e+00 3.708563804186751245e+00 -3.000000000000000000e+00 4.407848026641900105e+02
-1.000000000000000000e+00 3.680519949966942761e+00 -2.000000000000000000e+00 6.583859756158111622e+02
-1.000000000000000000e+00 3.653565421537683378e+00 -1.000000000000000000e+00 9.245411138389973758e+02
-1.000000000000000000e+00 3.627760016187428160e+00 -3.000000000000000000e+00 1.220572511101093369e+03
-1.000000000000000000e+00 3.602595372709899380e+00 -3.000000000000000000e+00 1.514930256793932813e+03
-1.000000000000000000e+00 3.578543172944033124e+00 -5.000000000000000000e+00 1.767719663786366937e+03
-1.000000000000000000e+00 3.555271387056295307e+00 -3.000000000000000000e+00 1.939214478385412121e+03
-1.000000000000000000e+00 3.533583139859775013e+00 -2.000000000000000000e+00 2.000000000000000000e+03
-1.000000000000000000e+00 3.513246514593231673e+00 -4.000000000000000000e+00 1.939214478385412121e+03
-1.000000000000000000e+00 3.493607269049673114e+00 -4.000000000000000000e+00 1.767719663786366937e+03
-1.000000000000000000e+00 3.474955590554547946e+00 9.000000000000000000e+00 1.514930256793932813e+03
-1.000000000000000000e+00 3.459655145142838339e+00 3.606000000000000000e+03 1.220572511101093369e+03
-1.000000000000000000e+00 4.136720448915693460e+00 2.479000000000000000e+03 9.245411138389973758e+02
-1.000000000000000000e+00 4.570963556762033697e+00 1.145000000000000000e+03 6.583859756158111622e+02
-1.000000000000000000e+00 4.731820495245900204e+00 3.689000000000000000e+03 4.407848026641900105e+02
-1.000000000000000000e+00 5.375517229285573961e+00 4.834000000000000000e+03 2.774369825719209643e+02
-1.000000000000000000e+00 6.214414910361683475e+00 2.512000000000000000e+03 1.641699972477975962e+02
-1.000000000000000000e+00 6.574246365832093986e+00 3.636000000000000000e+03 8.794877466106422181e-01
0.000000000000000000e+00 7.136089542575772882e+00 4.758000000000000000e+03 9.551510579898248032e-02
0.000000000000000000e+00 7.911089814771126605e+00 3.549000000000000000e+03 2.081730937506739432e-01
-1.000000000000000000e+00 8.423569438460758008e+00 2.493000000000000000e+03 5.649466724922602712e-01
-1.000000000000000000e+00 8.693790697832943337e+00 4.174000000000000000e+03 2.995435630275933292e-01
-1.000000000000000000e+00 9.276671328704747310e+00 3.564000000000000000e+03 5.931376481992080008e-01
-1.000000000000000000e+00 9.719626992390358211e+00 2.278000000000000000e+03 4.380171434081412407e-01
-1.000000000000000000e+00 9.898046985928823815e+00 4.205000000000000000e+03 3.288726087333883052e-01
-1.000000000000000000e+00 1.044001185533961618e+01 1.128000000000000000e+03 9.183108008027576208e-01
-1.000000000000000000e+00 1.036922960359888890e+01 2.250000000000000000e+03 7.945726140298896567e-01
-1.000000000000000000e+00 1.051677371590004739e+01 2.473000000000000000e+03 8.601005879991131531e-01
-1.000000000000000000e+00 1.070137016410091135e+01 5.630000000000000000e+02 4.912978919658304022e-01
-1.000000000000000000e+00 1.051139475926270173e+01 1.698000000000000000e+03 8.313108784939277074e-01
-1.000000000000000000e+00 1.054683317660460595e+01 3.575000000000000000e+03 1.510973032843236918e-01
-1.000000000000000000e+00 1.094172347446274074e+01 2.466000000000000000e+03 3.822167499200738172e-01
-1.000000000000000000e+00 1.110801685446494247e+01 2.235000000000000000e+03 2.706990270729479064e-01
